1 0.02
3001 0.06
6001 0.12
9001 0.19
12001 0.24
15001 0.31
18001 0.38
21001 0.42
24001 0.52
27001 0.56
30001 0.65
33001 0.74
36001 0.81
39001 0.86
42001 0.91
45001 0.98
48001 1.18
51001 1.2
54001 1.26
57001 1.28
60001 1.38
63001 1.44
66001 1.55
69001 1.59
72001 1.64
75001 1.81
78001 1.96
81001 1.91
84001 1.95
87001 2.17
90001 2.2
93001 2.16
96001 2.27
99001 2.33
102001 2.42
105001 2.51
108001 2.61
111001 2.65
114001 2.91
117001 3.07
120001 3.01
123001 2.98
126001 3.14
129001 3.19
132001 3.37
135001 3.32
138001 3.39
141001 3.93
144001 4.04
147001 3.85
150001 4.12
153001 3.99
156001 4.13
159001 4.13
162001 3.97
165001 4.26
168001 4.27
171001 4.71
174001 4.97
177001 4.5
180001 4.54
183001 4.78
186001 5.0
189001 4.79
192001 5.24
195001 5.76
198001 5.61
201001 5.48
204001 5.15
207001 5.39
210001 5.49
213001 5.72
216001 5.69
219001 5.71
222001 5.81
225001 5.99
228001 5.98
231001 6.16
234001 6.21
237001 6.12
240001 6.05
243001 6.34
246001 6.22
249001 6.65
252001 7.18
255001 7.11
258001 7.22
261001 6.84
264001 7.29
267001 7.42
270001 7.69
273001 7.24
276001 7.72
279001 7.73
282001 8.13
285001 8.59
288001 8.1
291001 8.24
294001 8.62
297001 8.27
300000 8.5
325000 8.37
350000 9.25
375000 10.11
400000 10.83
425000 11.35
450000 12.25
475000 12.84
500000 13.65
525000 14.24
550000 15.17
575000 15.79
600000 16.69
625000 17.52
650000 18.0
675000 18.85
700000 19.69
725000 20.7
750000 21.28
775000 22.02
800000 23.01
825000 24.34
850000 24.18
875000 24.9
900000 25.52
925000 26.53
950000 27.36
975000 27.73
1000000 28.64
