1 18
2 13
3 19
4 14
5 17
6 14
7 17
8 14
9 17
10 14
11 17
12 18
13 14
14 17
15 14
16 17
17 14
18 17
19 14
20 17
21 15
22 18
23 15
24 15
25 17
26 14
27 17
28 14
29 17
30 15
31 16
32 14
33 17
34 14
35 18
36 18
37 14
38 18
39 15
40 18
41 14
42 17
43 14
44 17
45 14
46 17
47 16
48 15
49 16
50 14
51 17
52 14
53 19
54 14
55 18
56 15
57 19
58 18
59 14
60 18
61 15
62 18
63 14
64 18
65 16
66 16
67 19
68 14
69 18
70 14
71 18
72 19
73 14
74 18
75 14
76 18
77 16
78 19
79 19
80 16
81 19
82 14
83 19
84 19
85 15
86 19
87 15
88 18
89 14
90 19
91 19
92 15
93 19
94 15
95 18
96 15
97 17
98 19
99 15
100 18
101 15
102 17
103 16
104 16
105 18
106 16
107 19
108 15
109 19
110 18
111 15
112 18
113 15
114 17
115 15
116 18
117 18
118 15
119 19
120 15
121 18
122 16
123 18
124 18
125 15
126 19
127 16
128 18
129 15
130 17
131 18
132 15
133 20
134 15
135 18
136 19
137 17
138 20
139 15
140 17
141 18
142 15
143 19
144 15
145 19
146 18
147 16
148 19
149 16
150 20
151 20
152 15
153 20
154 17
155 18
156 20
157 15
158 19
159 19
160 15
161 21
162 15
163 19
164 20
165 16
166 20
167 18
168 17
169 20
170 15
171 19
172 17
173 16
174 20
175 16
176 20
177 19
178 16
179 20
180 16
181 18
182 19
183 16
184 20
185 20
186 16
187 21
188 16
189 20
190 21
191 16
192 20
193 20
194 16
195 20
196 19
197 16
198 21
199 16
200 21
201 20
202 16
203 20
204 20
205 16
206 20
207 18
208 18
209 21
210 16
211 20
212 20
213 16
214 21
215 19
216 16
217 21
218 16
219 18
220 21
221 16
222 20
223 23
224 16
225 20
226 20
227 16
228 21
229 20
230 17
231 20
232 20
233 17
234 21
235 18
236 19
237 21
238 16
239 20
240 20
241 18
242 21
243 21
244 16
245 21
246 20
247 17
248 21
249 19
250 17
251 21
252 19
253 16
254 21
255 18
256 18
257 21
258 17
259 19
260 21
261 17
262 21
263 21
264 18
265 18
266 21
267 18
268 19
269 21
270 18
271 19
272 22
273 19
274 17
275 21
276 18
277 19
278 22
279 18
280 18
281 22
282 19
283 17
284 24
285 20
286 17
287 22
288 19
289 18
290 23
291 24
292 17
293 21
294 21
295 17
296 20
297 23
298 19
299 17
300 22
301 19
302 18
303 22
304 21
305 17
306 22
307 20
308 18
309 22
310 21
311 18
312 21
313 20
314 17
315 21
316 21
317 17
318 21
319 20
320 17
321 22
322 22
323 18
324 22
325 22
326 17
327 23
328 22
329 20
330 18
331 22
332 21
333 17
334 22
335 22
336 18
337 20
338 24
339 20
340 18
341 22
342 22
343 18
344 22
345 22
346 19
347 20
348 22
349 21
350 19
351 21
352 22
353 18
354 22
355 23
356 19
357 20
358 23
359 21
360 18
361 22
362 22
363 18
364 23
365 23
366 22
367 18
368 22
369 23
370 19
371 20
372 23
373 21
374 18
375 22
376 22
377 18
378 22
379 23
380 21
381 18
382 24
383 22
384 21
385 20
386 23
387 21
388 19
389 22
390 23
391 21
392 19
393 22
394 22
395 18
396 24
397 22
398 21
399 19
400 22
401 21
402 18
403 23
404 23
405 21
406 18
407 23
408 22
409 19
410 23
411 23
412 22
413 19
414 23
415 23
416 21
417 19
418 23
419 21
420 19
421 23
422 24
423 21
424 19
425 23
426 23
427 21
428 19
429 23
430 23
431 21
432 19
433 24
434 22
435 19
436 23
437 24
438 23
439 22
440 21
441 24
442 23
443 21
444 21
445 24
446 24
447 22
448 19
449 24
450 24
451 22
452 19
453 23
454 24
455 22
456 20
457 23
458 24
459 22
460 19
461 24
462 23
463 23
464 19
465 24
466 24
467 22
468 19
469 24
470 23
471 22
472 20
473 27
474 25
475 23
476 22
477 22
478 23
479 23
480 22
481 21
482 23
483 23
484 23
485 20
486 24
487 23
488 22
489 19
490 24
491 24
492 22
493 20
494 25
495 24
496 22
497 20
498 25
499 24
500 23
501 21
502 21
503 24
504 24
505 23
506 20
507 25
508 27
509 25
510 24
511 22
512 24
513 26
514 27
515 28
516 25
517 25
518 24
519 23
520 25
521 27
522 27
523 23
524 26
525 22
526 27
527 26
528 27
529 26
530 24
531 25
532 22
533 26
534 27
535 26
536 26
537 25
538 23
539 24
540 27
541 26
542 26
543 25
544 26
545 23
546 25
547 27
548 27
549 27
550 25
551 25
552 23
553 26
554 26
555 28
556 28
557 27
558 28
559 27
560 24
561 27
562 24
563 25
564 28
565 27
566 27
567 27
568 26
569 25
570 26
571 23
572 27
573 27
574 27
575 28
576 26
577 26
578 27
579 27
580 23
581 27
582 27
583 27
584 27
585 27
586 26
587 27
588 27
589 25
590 27
591 26
592 27
593 28
594 27
595 27
596 26
597 26
598 27
599 24
600 25
601 27
602 28
603 28
604 28
605 27
606 26
607 26
608 27
609 24
610 26
611 27
612 28
613 27
614 28
615 26
616 26
617 27
618 23
619 27
620 27
621 28
622 28
623 27
624 27
625 25
626 26
627 30
628 23
629 27
630 27
631 28
632 27
633 28
634 26
635 25
636 27
637 25
638 25
639 26
640 27
641 29
642 28
643 28
644 28
645 25
646 27
647 27
648 25
649 25
650 28
651 27
652 28
653 28
654 28
655 27
656 26
657 29
658 27
659 26
660 25
661 27
662 30
663 29
664 28
665 28
666 28
667 27
668 26
669 27
670 27
671 25
672 26
673 27
674 28
675 29
676 28
677 28
678 28
679 28
680 26
681 26
682 27
683 27
684 24
685 29
686 27
687 42
688 44
689 40
690 34
691 27
692 25
693 27
694 27
695 28
696 31
697 29
698 28
699 29
700 29
701 29
702 29
703 27
704 28
705 27
706 26
707 28
708 27
709 26
710 27
711 29
712 27
713 28
714 28
715 29
716 29
717 29
718 30
719 28
720 28
721 27
722 27
723 28
724 27
725 28
726 25
727 27
728 28
729 28
730 28
731 30
732 28
733 30
734 30
735 29
736 28
737 28
738 32
739 27
740 27
741 29
742 30
743 30
744 27
745 28
746 29
747 30
748 30
749 31
750 31
751 27
752 27
753 28
754 29
755 27
756 29
757 30
758 30
759 29
760 30
761 30
762 27
763 28
764 31
765 29
766 27
767 28
768 30
769 30
770 29
771 30
772 29
773 30
774 29
775 30
776 30
777 29
778 29
779 29
780 29
781 30
782 30
783 31
784 30
785 29
786 29
787 29
788 30
789 29
790 29
791 30
792 30
793 30
794 30
795 30
796 30
797 31
798 29
799 29
800 30
801 31
802 30
803 29
804 30
805 31
806 30
807 30
808 30
809 29
810 30
811 29
812 30
813 29
814 29
815 29
816 30
817 29
818 30
819 30
820 30
821 30
822 30
823 30
824 30
825 30
826 31
827 32
828 32
829 30
830 33
831 30
832 30
833 30
834 30
835 33
836 31
837 29
838 30
839 29
840 30
841 30
842 30
843 30
844 30
845 30
846 29
847 30
848 30
849 30
850 29
851 29
852 29
853 30
854 30
855 31
856 29
857 31
858 30
859 30
860 30
861 30
862 33
863 32
864 33
865 32
866 32
867 31
868 31
869 31
870 31
871 30
872 32
873 34
874 31
875 30
876 30
877 31
878 31
879 32
880 32
881 33
882 33
883 32
884 29
885 33
886 33
887 31
888 31
889 32
890 33
891 31
892 31
893 34
894 33
895 34
896 34
897 33
898 32
899 31
900 31
901 33
902 31
903 29
904 30
905 30
906 30
907 30
908 30
909 30
910 29
911 31
912 30
913 31
914 31
915 30
916 31
917 33
918 33
919 32
920 31
921 33
922 28
923 31
924 35
925 31
926 31
927 31
928 31
929 31
930 30
931 30
932 31
933 30
934 30
935 31
936 31
937 31
938 31
939 33
940 32
941 33
942 32
943 34
944 31
945 31
946 30
947 30
948 33
949 32
950 33
951 31
952 32
953 33
954 35
955 34
956 33
957 32
958 32
959 33
960 32
961 32
962 35
963 34
964 33
965 34
966 32
967 32
968 33
969 32
970 32
971 33
972 35
973 31
974 33
975 33
976 31
977 30
978 31
979 33
980 32
981 30
982 31
983 31
984 33
985 32
986 33
987 32
988 31
989 32
990 33
991 31
992 31
993 31
994 32
995 32
996 32
997 30
998 32
999 33
1000 34
1001 33
1002 32
1003 32
1004 31
1005 31
1006 33
1007 32
1008 31
1009 31
1010 31
1011 32
1012 33
1013 34
1014 32
1015 33
1016 31
1017 35
1018 33
1019 31
1020 31
1021 32
1022 32
1023 33
1024 34
1025 33
1026 33
1027 31
1028 31
1029 33
1030 33
1031 31
1032 32
1033 32
1034 33
1035 34
1036 33
1037 33
1038 32
1039 31
1040 34
1041 32
1042 31
1043 33
1044 34
1045 36
1046 34
1047 36
1048 33
1049 32
1050 33
1051 34
1052 33
1053 34
1054 34
1055 32
1056 33
1057 33
1058 34
1059 35
1060 34
1061 34
1062 31
1063 33
1064 34
1065 34
1066 34
1067 34
1068 36
1069 34
1070 32
1071 33
1072 34
1073 33
1074 35
1075 36
1076 35
1077 32
1078 34
1079 32
1080 34
1081 35
1082 35
1083 34
1084 32
1085 35
1086 32
1087 32
1088 35
1089 35
1090 35
1091 33
1092 33
1093 36
1094 34
1095 35
1096 36
1097 35
1098 33
1099 35
1100 34
1101 36
1102 36
1103 38
1104 35
1105 33
1106 36
1107 35
1108 34
1109 33
1110 37
1111 33
1112 34
1113 37
1114 34
1115 35
1116 36
1117 34
1118 35
1119 34
1120 37
1121 35
1122 36
1123 36
1124 36
1125 37
1126 34
1127 33
1128 34
1129 35
1130 36
1131 34
1132 35
1133 34
1134 33
1135 36
1136 36
1137 35
1138 33
1139 34
1140 33
1141 34
1142 35
1143 34
1144 32
1145 37
1146 33
1147 35
1148 35
1149 34
1150 33
1151 35
1152 34
1153 37
1154 35
1155 35
1156 35
1157 34
1158 35
1159 36
1160 35
1161 35
1162 33
1163 35
1164 34
1165 36
1166 35
1167 36
1168 35
1169 35
1170 34
1171 38
1172 36
1173 34
1174 36
1175 36
1176 37
1177 36
1178 36
1179 35
1180 37
1181 36
1182 36
1183 36
1184 35
1185 36
1186 39
1187 34
1188 36
1189 35
1190 34
1191 35
1192 36
1193 36
1194 36
1195 35
1196 37
1197 36
1198 37
1199 36
1200 35
1201 36
1202 36
1203 35
1204 35
1205 34
1206 36
1207 36
1208 37
1209 37
1210 36
1211 37
1212 36
1213 35
1214 38
1215 35
1216 36
1217 35
1218 33
1219 35
1220 34
1221 35
1222 35
1223 35
1224 35
1225 34
1226 36
1227 36
1228 35
1229 33
1230 35
1231 35
1232 36
1233 36
1234 35
1235 34
1236 36
1237 36
1238 36
1239 33
1240 35
1241 36
1242 37
1243 36
1244 34
1245 36
1246 37
1247 38
1248 36
1249 36
1250 34
1251 37
1252 36
1253 37
1254 36
1255 35
1256 37
1257 37
1258 36
1259 36
1260 35
1261 37
1262 37
1263 38
1264 37
1265 37
1266 37
1267 37
1268 38
1269 39
1270 37
1271 36
1272 36
1273 35
1274 37
1275 36
1276 37
1277 36
1278 33
1279 36
1280 36
1281 36
1282 34
1283 36
1284 35
1285 37
1286 37
1287 38
1288 55
1289 53
1290 45
1291 35
1292 36
1293 34
1294 38
1295 37
1296 36
1297 36
1298 34
1299 36
1300 37
1301 35
1302 35
1303 36
1304 37
1305 38
1306 39
1307 37
1308 37
1309 38
1310 37
1311 36
1312 36
1313 40
1314 37
1315 38
1316 37
1317 38
1318 38
1319 38
1320 37
1321 39
1322 38
1323 38
1324 38
1325 38
1326 37
1327 39
1328 38
1329 38
1330 38
1331 38
1332 37
1333 38
1334 38
1335 39
1336 38
1337 38
1338 38
1339 39
1340 38
1341 38
1342 38
1343 39
1344 40
1345 39
1346 40
1347 39
1348 39
1349 39
1350 40
1351 40
1352 38
1353 39
1354 38
1355 39
1356 38
1357 40
1358 38
1359 39
1360 39
1361 40
1362 37
1363 37
1364 39
1365 38
1366 41
1367 39
1368 38
1369 39
1370 39
1371 39
1372 40
1373 39
1374 38
1375 39
1376 39
1377 39
1378 38
1379 39
1380 38
1381 40
1382 38
1383 39
1384 39
1385 40
1386 39
1387 39
1388 39
1389 39
1390 38
1391 38
1392 39
1393 39
1394 39
1395 40
1396 39
1397 39
1398 39
1399 42
1400 39
1401 42
1402 42
1403 37
1404 42
1405 40
1406 40
1407 42
1408 40
1409 40
1410 41
1411 40
1412 40
1413 42
1414 40
1415 40
1416 41
1417 40
1418 40
1419 42
1420 40
1421 42
1422 42
1423 42
1424 40
1425 41
1426 41
1427 40
1428 42
1429 41
1430 39
1431 42
1432 42
1433 39
1434 42
1435 41
1436 39
1437 43
1438 40
1439 40
1440 42
1441 41
1442 39
1443 42
1444 41
1445 42
1446 41
1447 42
1448 40
1449 43
1450 41
1451 41
1452 41
1453 40
1454 42
1455 42
1456 41
1457 41
1458 41
1459 40
1460 42
1461 41
1462 40
1463 43
1464 40
1465 41
1466 42
1467 41
1468 41
1469 45
1470 41
1471 41
1472 42
1473 42
1474 40
1475 43
1476 42
1477 40
1478 44
1479 40
1480 41
1481 43
1482 41
1483 40
1484 43
1485 42
1486 41
1487 44
1488 43
1489 40
1490 42
1491 42
1492 42
1493 43
1494 42
1495 41
1496 42
1497 42
1498 40
1499 43
1500 43
1501 40
1502 42
1503 43
1504 41
1505 42
1506 43
1507 40
1508 42
1509 44
1510 40
1511 42
1512 42
1513 44
1514 43
1515 40
1516 45
1517 42
1518 41
1519 43
1520 42
1521 41
1522 43
1523 43
1524 40
1525 41
1526 41
1527 41
1528 44
1529 42
1530 41
1531 43
1532 44
1533 43
1534 42
1535 41
1536 44
1537 43
1538 41
1539 46
1540 43
1541 41
1542 42
1543 42
1544 41
1545 43
1546 44
1547 42
1548 43
1549 41
1550 43
1551 42
1552 41
1553 43
1554 43
1555 43
1556 44
1557 42
1558 41
1559 42
1560 42
1561 40
1562 44
1563 45
1564 42
1565 43
1566 40
1567 42
1568 43
1569 43
1570 42
1571 40
1572 42
1573 43
1574 41
1575 43
1576 42
1577 42
1578 43
1579 43
1580 40
1581 42
1582 43
1583 42
1584 42
1585 43
1586 44
1587 42
1588 42
1589 42
1590 43
1591 42
1592 43
1593 43
1594 41
1595 43
1596 43
1597 42
1598 44
1599 43
1600 42
1601 44
1602 44
1603 42
1604 44
1605 44
1606 41
1607 44
1608 44
1609 45
1610 44
1611 44
1612 45
1613 45
1614 43
1615 42
1616 45
1617 44
1618 46
1619 44
1620 44
1621 45
1622 44
1623 44
1624 44
1625 44
1626 42
1627 45
1628 44
1629 43
1630 44
1631 45
1632 44
1633 44
1634 44
1635 44
1636 44
1637 42
1638 44
1639 43
1640 44
1641 44
1642 44
1643 43
1644 44
1645 44
1646 44
1647 44
1648 44
1649 44
1650 44
1651 45
1652 44
1653 44
1654 47
1655 45
1656 44
1657 44
1658 44
1659 45
1660 46
1661 44
1662 44
1663 43
1664 45
1665 44
1666 44
1667 45
1668 44
1669 45
1670 46
1671 43
1672 43
1673 45
1674 45
1675 44
1676 46
1677 44
1678 42
1679 45
1680 45
1681 43
1682 45
1683 43
1684 45
1685 45
1686 45
1687 45
1688 45
1689 44
1690 45
1691 45
1692 45
1693 45
1694 46
1695 46
1696 46
1697 49
1698 43
1699 46
1700 45
1701 45
1702 45
1703 45
1704 45
1705 44
1706 45
1707 45
1708 46
1709 46
1710 45
1711 45
1712 45
1713 46
1714 45
1715 48
1716 47
1717 45
1718 45
1719 48
1720 45
1721 44
1722 44
1723 44
1724 44
1725 43
1726 45
1727 45
1728 46
1729 46
1730 44
1731 45
1732 43
1733 45
1734 44
1735 46
1736 47
1737 44
1738 46
1739 45
1740 44
1741 48
1742 45
1743 46
1744 46
1745 46
1746 47
1747 46
1748 46
1749 44
1750 45
1751 44
1752 43
1753 46
1754 45
1755 45
1756 61
1757 70
1758 48
1759 46
1760 46
1761 49
1762 48
1763 47
1764 47
1765 46
1766 46
1767 46
1768 47
1769 48
1770 45
1771 44
1772 47
1773 47
1774 46
1775 47
1776 47
1777 46
1778 47
1779 48
1780 48
1781 48
1782 49
1783 47
1784 47
1785 46
1786 48
1787 48
1788 46
1789 47
1790 47
1791 47
1792 46
1793 50
1794 47
1795 47
1796 48
1797 48
1798 46
1799 47
1800 45
1801 48
1802 46
1803 46
1804 48
1805 48
1806 46
1807 47
1808 47
1809 48
1810 47
1811 46
1812 47
1813 48
1814 47
1815 47
1816 47
1817 48
1818 47
1819 48
1820 47
1821 47
1822 48
1823 49
1824 49
1825 48
1826 47
1827 47
1828 47
1829 47
1830 48
1831 47
1832 47
1833 48
1834 48
1835 49
1836 48
1837 49
1838 47
1839 48
1840 48
1841 49
1842 47
1843 47
1844 49
1845 52
1846 48
1847 49
1848 48
1849 49
1850 47
1851 48
1852 48
1853 47
1854 49
1855 48
1856 48
1857 49
1858 48
1859 49
1860 48
1861 48
1862 49
1863 49
1864 48
1865 48
1866 47
1867 48
1868 47
1869 48
1870 47
1871 50
1872 49
1873 49
1874 49
1875 49
1876 47
1877 50
1878 48
1879 49
1880 48
1881 48
1882 47
1883 48
1884 48
1885 52
1886 50
1887 51
1888 50
1889 50
1890 49
1891 49
1892 48
1893 48
1894 48
1895 49
1896 48
1897 48
1898 48
1899 49
1900 48
1901 49
1902 49
1903 50
1904 49
1905 49
1906 48
1907 47
1908 49
1909 50
1910 48
1911 48
1912 48
1913 49
1914 48
1915 48
1916 48
1917 50
1918 49
1919 49
1920 49
1921 49
1922 48
1923 49
1924 49
1925 50
1926 49
1927 50
1928 49
1929 49
1930 48
1931 50
1932 49
1933 50
1934 49
1935 49
1936 49
1937 49
1938 49
1939 49
1940 49
1941 50
1942 49
1943 49
1944 50
1945 51
1946 50
1947 49
1948 48
1949 49
1950 48
1951 50
1952 49
1953 50
1954 49
1955 49
1956 49
1957 50
1958 49
1959 50
1960 49
1961 50
1962 49
1963 49
1964 48
1965 50
1966 50
1967 51
1968 49
1969 49
1970 49
1971 49
1972 50
1973 49
1974 50
1975 51
1976 50
1977 50
1978 50
1979 50
1980 49
1981 51
1982 49
1983 51
1984 50
1985 54
1986 49
1987 50
1988 50
1989 50
1990 50
1991 51
1992 50
1993 49
1994 49
1995 50
1996 50
1997 50
1998 50
1999 50
2000 50
2001 50
2002 50
2003 50
2004 50
2005 53
2006 50
2007 51
2008 51
2009 50
2010 49
2011 50
2012 50
2013 50
2014 50
2015 51
2016 50
2017 50
2018 50
2019 50
2020 49
2021 50
2022 51
2023 50
2024 52
2025 51
2026 50
2027 51
2028 51
2029 50
2030 49
2031 51
2032 50
2033 51
2034 50
2035 51
2036 50
2037 51
2038 51
2039 50
2040 51
2041 52
2042 51
2043 51
2044 52
2045 52
2046 50
2047 51
2048 50
2049 52
2050 51
2051 50
2052 51
2053 52
2054 49
2055 51
2056 51
2057 51
2058 51
2059 51
2060 51
2061 51
2062 51
2063 52
2064 51
2065 51
2066 50
2067 51
2068 52
2069 51
2070 51
2071 51
2072 51
2073 51
2074 51
2075 51
2076 52
2077 52
2078 51
2079 51
2080 51
2081 52
2082 52
2083 51
2084 51
2085 51
2086 51
2087 52
2088 50
2089 52
2090 51
2091 52
2092 52
2093 51
2094 52
2095 51
2096 50
2097 52
2098 52
2099 52
2100 52
2101 51
2102 52
2103 52
2104 52
2105 51
2106 50
2107 52
2108 50
2109 52
2110 50
2111 53
2112 51
2113 53
2114 52
2115 52
2116 52
2117 52
2118 52
2119 52
2120 52
2121 54
2122 53
2123 54
2124 52
2125 50
2126 52
2127 52
2128 51
2129 53
2130 51
2131 52
2132 51
2133 55
2134 51
2135 53
2136 53
2137 52
2138 53
2139 52
2140 56
2141 52
2142 54
2143 54
2144 51
2145 52
2146 52
2147 52
2148 54
2149 51
2150 54
2151 51
2152 54
2153 74
2154 74
2155 52
2156 53
2157 54
2158 55
2159 54
2160 53
2161 53
2162 54
2163 55
2164 54
2165 53
2166 55
2167 55
2168 53
2169 54
2170 55
2171 54
2172 54
2173 53
2174 54
2175 54
2176 56
2177 54
2178 55
2179 55
2180 54
2181 54
2182 54
2183 55
2184 55
2185 54
2186 55
2187 55
2188 55
2189 54
2190 54
2191 54
2192 55
2193 54
2194 58
2195 54
2196 54
2197 54
2198 55
2199 55
2200 54
2201 55
2202 54
2203 55
2204 56
2205 56
2206 55
2207 55
2208 54
2209 55
2210 55
2211 55
2212 57
2213 56
2214 56
2215 56
2216 55
2217 55
2218 55
2219 54
2220 54
2221 55
2222 56
2223 55
2224 55
2225 55
2226 55
2227 55
2228 55
2229 57
2230 56
2231 54
2232 55
2233 56
2234 55
2235 54
2236 55
2237 54
2238 56
2239 55
2240 54
2241 56
2242 55
2243 55
2244 55
2245 55
2246 55
2247 56
2248 58
2249 55
2250 55
2251 56
2252 56
2253 55
2254 55
2255 56
2256 56
2257 56
2258 56
2259 56
2260 54
2261 56
2262 56
2263 57
2264 56
2265 59
2266 56
2267 55
2268 55
2269 55
2270 57
2271 56
2272 57
2273 57
2274 56
2275 56
2276 56
2277 56
2278 57
2279 56
2280 56
2281 56
2282 57
2283 57
2284 56
2285 57
2286 56
2287 55
2288 56
2289 56
2290 56
2291 57
2292 57
2293 55
2294 56
2295 57
2296 57
2297 55
2298 56
2299 57
2300 58
2301 55
2302 56
2303 56
2304 56
2305 56
2306 56
2307 56
2308 56
2309 55
2310 56
2311 56
2312 56
2313 56
2314 56
2315 56
2316 56
2317 59
2318 56
2319 57
2320 57
2321 57
2322 56
2323 57
2324 57
2325 57
2326 57
2327 58
2328 57
2329 56
2330 57
2331 57
2332 56
2333 57
2334 57
2335 58
2336 56
2337 56
2338 58
2339 56
2340 57
2341 58
2342 57
2343 58
2344 57
2345 57
2346 56
2347 58
2348 58
2349 57
2350 56
2351 57
2352 58
2353 59
2354 57
2355 57
2356 57
2357 57
2358 55
2359 57
2360 57
2361 58
2362 57
2363 58
2364 58
2365 57
2366 58
2367 57
2368 58
2369 59
2370 59
2371 57
2372 57
2373 59
2374 58
2375 59
2376 61
2377 57
2378 59
2379 56
2380 58
2381 57
2382 58
2383 56
2384 57
2385 58
2386 59
2387 60
2388 57
2389 57
2390 59
2391 59
2392 59
2393 58
2394 58
2395 58
2396 57
2397 58
2398 57
2399 57
2400 58
2401 57
2402 58
2403 59
2404 61
2405 59
2406 58
2407 57
2408 57
2409 61
2410 57
2411 61
2412 59
2413 59
2414 60
2415 59
2416 58
2417 59
2418 58
2419 58
2420 58
2421 59
2422 58
2423 58
2424 59
2425 58
2426 58
2427 58
2428 59
2429 59
2430 57
2431 58
2432 59
2433 58
2434 58
2435 58
2436 58
2437 60
2438 58
2439 58
2440 57
2441 58
2442 58
2443 58
2444 58
2445 59
2446 58
2447 58
2448 58
2449 59
2450 58
2451 59
2452 59
2453 59
2454 61
2455 59
2456 59
2457 59
2458 58
2459 59
2460 56
2461 57
2462 58
2463 59
2464 58
2465 59
2466 58
2467 58
2468 58
2469 58
2470 57
2471 59
2472 58
2473 58
2474 58
2475 58
2476 58
2477 58
2478 58
2479 59
2480 58
2481 58
2482 59
2483 58
2484 57
2485 58
2486 59
2487 59
2488 61
2489 59
2490 61
2491 57
2492 59
2493 59
2494 59
2495 59
2496 59
2497 59
2498 60
2499 84
2500 76
2501 57
2502 59
2503 59
2504 60
2505 59
2506 59
2507 59
2508 60
2509 61
2510 58
2511 59
2512 60
2513 59
2514 61
2515 59
2516 59
2517 59
2518 59
2519 60
2520 59
2521 61
2522 60
2523 59
2524 59
2525 59
2526 59
2527 59
2528 60
2529 59
2530 58
2531 60
2532 59
2533 59
2534 60
2535 60
2536 59
2537 60
2538 59
2539 61
2540 58
2541 61
2542 61
2543 60
2544 60
2545 60
2546 60
2547 59
2548 60
2549 59
2550 60
2551 60
2552 60
2553 61
2554 60
2555 59
2556 59
2557 59
2558 59
2559 60
2560 59
2561 60
2562 60
2563 60
2564 61
2565 60
2566 60
2567 61
2568 61
2569 60
2570 64
2571 60
2572 60
2573 60
2574 62
2575 61
2576 61
2577 61
2578 63
2579 61
2580 60
2581 60
2582 60
2583 60
2584 60
2585 61
2586 61
2587 61
2588 61
2589 62
2590 59
2591 61
2592 61
2593 61
2594 60
2595 60
2596 59
2597 61
2598 60
2599 60
2600 60
2601 61
2602 62
2603 61
2604 61
2605 60
2606 60
2607 61
2608 61
2609 59
2610 61
2611 61
2612 61
2613 61
2614 60
2615 60
2616 61
2617 61
2618 62
2619 61
2620 62
2621 62
2622 61
2623 63
2624 61
2625 61
2626 61
2627 62
2628 61
2629 60
2630 61
2631 61
2632 62
2633 62
2634 61
2635 62
2636 61
2637 62
2638 62
2639 63
2640 62
2641 61
2642 61
2643 61
2644 61
2645 61
2646 62
2647 62
2648 60
2649 61
2650 61
2651 62
2652 61
2653 61
2654 62
2655 61
2656 61
2657 62
2658 60
2659 61
2660 61
2661 62
2662 62
2663 62
2664 61
2665 61
2666 63
2667 63
2668 62
2669 61
2670 61
2671 62
2672 62
2673 62
2674 62
2675 61
2676 62
2677 60
2678 63
2679 62
2680 64
2681 62
2682 61
2683 62
2684 62
2685 63
2686 64
2687 61
2688 62
2689 61
2690 62
2691 62
2692 63
2693 61
2694 63
2695 64
2696 63
2697 63
2698 63
2699 64
2700 61
2701 61
2702 63
2703 61
2704 63
2705 62
2706 62
2707 62
2708 62
2709 62
2710 62
2711 63
2712 61
2713 62
2714 63
2715 64
2716 63
2717 62
2718 64
2719 63
2720 62
2721 62
2722 63
2723 62
2724 63
2725 61
2726 62
2727 62
2728 63
2729 64
2730 64
2731 63
2732 62
2733 63
2734 62
2735 62
2736 64
2737 63
2738 64
2739 65
2740 63
2741 63
2742 62
2743 64
2744 61
2745 63
2746 64
2747 63
2748 63
2749 64
2750 65
2751 65
2752 67
2753 64
2754 65
2755 65
2756 64
2757 65
2758 65
2759 66
2760 66
2761 66
2762 62
2763 64
2764 64
2765 65
2766 65
2767 64
2768 67
2769 65
2770 65
2771 65
2772 65
2773 65
2774 64
2775 66
2776 68
2777 66
2778 63
2779 64
2780 62
2781 65
2782 64
2783 64
2784 64
2785 64
2786 64
2787 64
2788 65
2789 64
2790 65
2791 64
2792 64
2793 65
2794 63
2795 64
2796 64
2797 65
2798 66
2799 63
2800 65
2801 65
2802 66
2803 67
2804 65
2805 64
2806 65
2807 66
2808 64
2809 64
2810 64
2811 65
2812 65
2813 65
2814 65
2815 65
2816 66
2817 65
2818 90
2819 84
2820 66
2821 65
2822 65
2823 64
2824 65
2825 64
2826 65
2827 65
2828 67
2829 65
2830 66
2831 67
2832 65
2833 66
2834 65
2835 63
2836 65
2837 66
2838 65
2839 65
2840 66
2841 64
2842 65
2843 67
2844 64
2845 66
2846 66
2847 64
2848 67
2849 65
2850 65
2851 65
2852 67
2853 64
2854 64
2855 65
2856 65
2857 65
2858 66
2859 65
2860 68
2861 66
2862 63
2863 64
2864 66
2865 66
2866 67
2867 67
2868 65
2869 65
2870 66
2871 65
2872 66
2873 65
2874 67
2875 66
2876 65
2877 65
2878 66
2879 67
2880 65
2881 66
2882 68
2883 66
2884 65
2885 66
2886 66
2887 66
2888 65
2889 66
2890 67
2891 66
2892 67
2893 66
2894 65
2895 66
2896 66
2897 68
2898 66
2899 65
2900 66
2901 66
2902 67
2903 66
2904 66
2905 66
2906 66
2907 66
2908 66
2909 66
2910 67
2911 67
2912 68
2913 66
2914 67
2915 65
2916 67
2917 66
2918 66
2919 68
2920 67
2921 67
2922 67
2923 68
2924 67
2925 68
2926 68
2927 67
2928 67
2929 66
2930 66
2931 68
2932 67
2933 68
2934 65
2935 67
2936 67
2937 67
2938 67
2939 67
2940 67
2941 69
2942 67
2943 66
2944 67
2945 68
2946 67
2947 69
2948 67
2949 67
2950 67
2951 68
2952 67
2953 67
2954 67
2955 68
2956 69
2957 67
2958 66
2959 66
2960 68
2961 67
2962 69
2963 66
2964 67
2965 66
2966 67
2967 67
2968 67
2969 67
2970 67
2971 70
2972 67
2973 67
2974 67
2975 66
2976 68
2977 68
2978 67
2979 67
2980 68
2981 68
2982 67
2983 68
2984 67
2985 70
2986 68
2987 67
2988 68
2989 67
2990 67
2991 68
2992 68
2993 69
2994 66
2995 69
2996 67
2997 67
2998 68
2999 67
3000 70
3001 68
3002 68
3003 67
3004 70
3005 68
3006 68
3007 67
3008 68
3009 67
3010 68
3011 67
3012 68
3013 69
3014 71
3015 70
3016 69
3017 68
3018 68
3019 68
3020 68
3021 70
3022 67
3023 68
3024 68
3025 68
3026 69
3027 70
3028 69
3029 70
3030 69
3031 69
3032 68
3033 70
3034 68
3035 67
3036 68
3037 68
3038 70
3039 70
3040 68
3041 68
3042 68
3043 71
3044 68
3045 69
3046 68
3047 70
3048 68
3049 71
3050 68
3051 69
3052 69
3053 68
3054 69
3055 69
3056 70
3057 69
3058 69
3059 69
3060 69
3061 69
3062 68
3063 69
3064 68
3065 67
3066 70
3067 69
3068 70
3069 70
3070 69
3071 69
3072 70
3073 69
3074 69
3075 68
3076 69
3077 69
3078 69
3079 70
3080 69
3081 69
3082 69
3083 69
3084 69
3085 69
3086 70
3087 69
3088 70
3089 70
3090 70
3091 70
3092 69
3093 69
3094 69
3095 69
3096 69
3097 69
3098 70
3099 69
3100 70
3101 71
3102 70
3103 70
3104 70
3105 70
3106 71
3107 70
3108 70
3109 70
3110 86
3111 92
3112 69
3113 69
3114 71
3115 70
3116 69
3117 70
3118 70
3119 69
3120 70
3121 71
3122 69
3123 71
3124 69
3125 69
3126 69
3127 69
3128 73
3129 70
3130 69
3131 69
3132 71
3133 69
3134 70
3135 70
3136 69
3137 71
3138 70
3139 70
3140 70
3141 70
3142 72
3143 71
3144 70
3145 71
3146 70
3147 71
3148 70
3149 71
3150 68
3151 69
3152 71
3153 70
3154 71
3155 71
3156 73
3157 73
3158 72
3159 70
3160 70
3161 70
3162 70
3163 70
3164 71
3165 72
3166 72
3167 69
3168 70
3169 70
3170 72
3171 71
3172 71
3173 71
3174 72
3175 71
3176 70
3177 72
3178 71
3179 71
3180 70
3181 70
3182 71
3183 70
3184 74
3185 72
3186 71
3187 70
3188 71
3189 70
3190 71
3191 72
3192 71
3193 70
3194 71
3195 71
3196 71
3197 71
3198 73
3199 71
3200 72
3201 69
3202 71
3203 72
3204 71
3205 71
3206 72
3207 71
3208 71
3209 71
3210 72
3211 71
3212 75
3213 70
3214 71
3215 70
3216 72
3217 70
3218 70
3219 71
3220 71
3221 70
3222 70
3223 70
3224 72
3225 73
3226 75
3227 71
3228 71
3229 71
3230 72
3231 72
3232 72
3233 73
3234 71
3235 70
3236 70
3237 71
3238 70
3239 72
3240 72
3241 71
3242 70
3243 72
3244 73
3245 72
3246 72
3247 72
3248 74
3249 72
3250 74
3251 71
3252 72
3253 72
3254 73
3255 71
3256 71
3257 71
3258 76
3259 72
3260 73
3261 73
3262 73
3263 74
3264 72
3265 72
3266 72
3267 74
3268 72
3269 71
3270 71
3271 72
3272 71
3273 71
3274 71
3275 72
3276 72
3277 73
3278 72
3279 72
3280 76
3281 73
3282 72
3283 72
3284 73
3285 72
3286 72
3287 72
3288 72
3289 74
3290 72
3291 74
3292 71
3293 73
3294 73
3295 72
3296 72
3297 72
3298 74
3299 75
3300 72
3301 72
3302 73
3303 72
3304 72
3305 72
3306 73
3307 73
3308 75
3309 74
3310 73
3311 73
3312 72
3313 73
3314 73
3315 72
3316 73
3317 71
3318 73
3319 73
3320 73
3321 74
3322 74
3323 73
3324 73
3325 74
3326 73
3327 72
3328 72
3329 74
3330 77
3331 72
3332 72
3333 73
3334 71
3335 73
3336 71
3337 73
3338 73
3339 74
3340 73
3341 73
3342 73
3343 74
3344 74
3345 73
3346 73
3347 74
3348 76
3349 75
3350 74
3351 73
3352 74
3353 73
3354 73
3355 75
3356 74
3357 72
3358 74
3359 73
3360 74
3361 74
3362 76
3363 74
3364 72
3365 74
3366 72
3367 73
3368 74
3369 73
3370 73
3371 74
3372 73
3373 76
3374 73
3375 76
3376 77
3377 74
3378 73
3379 76
3380 76
3381 77
3382 76
3383 76
3384 78
3385 111
3386 73
3387 77
3388 76
3389 73
3390 75
3391 76
3392 75
3393 74
3394 74
3395 76
3396 78
3397 79
3398 74
3399 76
3400 77
3401 77
3402 75
3403 75
3404 77
3405 77
3406 78
3407 77
3408 77
3409 78
3410 76
3411 76
3412 76
3413 76
3414 80
3415 77
3416 77
3417 77
3418 76
3419 77
3420 76
3421 76
3422 76
3423 76
3424 77
3425 75
3426 75
3427 79
3428 76
3429 74
3430 76
3431 76
3432 76
3433 76
3434 76
3435 77
3436 75
3437 77
3438 75
3439 77
3440 79
3441 76
3442 76
3443 77
3444 78
3445 76
3446 77
3447 77
3448 79
3449 78
3450 77
3451 77
3452 77
3453 77
3454 75
3455 77
3456 76
3457 77
3458 78
3459 77
3460 76
3461 77
3462 76
3463 77
3464 77
3465 80
3466 77
3467 77
3468 78
3469 78
3470 79
3471 79
3472 77
3473 78
3474 76
3475 77
3476 77
3477 77
3478 77
3479 76
3480 77
3481 78
3482 78
3483 76
3484 77
3485 79
3486 77
3487 78
3488 78
3489 78
3490 78
3491 79
3492 75
3493 77
3494 78
3495 76
3496 77
3497 77
3498 77
3499 77
3500 77
3501 77
3502 79
3503 77
3504 81
3505 77
3506 78
3507 79
3508 79
3509 79
3510 78
3511 78
3512 79
3513 79
3514 78
3515 78
3516 82
3517 78
3518 76
3519 78
3520 79
3521 78
3522 78
3523 79
3524 77
3525 78
3526 77
3527 79
3528 78
3529 81
3530 78
3531 77
3532 79
3533 80
3534 78
3535 78
3536 77
3537 77
3538 77
3539 79
3540 79
3541 78
3542 85
3543 82
3544 79
3545 77
3546 79
3547 78
3548 79
3549 79
3550 80
3551 80
3552 79
3553 79
3554 82
3555 79
3556 78
3557 80
3558 78
3559 80
3560 82
3561 82
3562 82
3563 81
3564 80
3565 82
3566 85
3567 80
3568 81
3569 81
3570 81
3571 82
3572 82
3573 81
3574 82
3575 81
3576 81
3577 81
3578 83
3579 83
3580 79
3581 78
3582 79
3583 79
3584 80
3585 80
3586 82
3587 82
3588 82
3589 81
3590 83
3591 82
3592 80
3593 80
3594 80
3595 81
3596 81
3597 81
3598 81
3599 80
3600 80
3601 80
3602 80
3603 79
3604 79
3605 79
3606 81
3607 79
3608 80
3609 81
3610 80
3611 79
3612 80
3613 80
3614 79
3615 82
3616 81
3617 79
3618 80
3619 79
3620 79
3621 80
3622 79
3623 80
3624 80
3625 80
3626 81
3627 79
3628 82
3629 80
3630 80
3631 80
3632 82
3633 80
3634 81
3635 79
3636 99
3637 102
3638 81
3639 80
3640 83
3641 79
3642 80
3643 79
3644 80
3645 79
3646 80
3647 80
3648 80
3649 80
3650 80
3651 80
3652 83
3653 80
3654 82
3655 81
3656 81
3657 80
3658 79
3659 80
3660 81
3661 81
3662 83
3663 80
3664 81
3665 81
3666 80
3667 79
3668 83
3669 83
3670 80
3671 81
3672 81
3673 80
3674 80
3675 81
3676 83
3677 83
3678 80
3679 83
3680 81
3681 80
3682 79
3683 79
3684 81
3685 81
3686 82
3687 80
3688 81
3689 84
3690 81
3691 81
3692 81
3693 81
3694 81
3695 80
3696 81
3697 81
3698 80
3699 81
3700 81
3701 82
3702 81
3703 80
3704 81
3705 80
3706 80
3707 82
3708 81
3709 81
3710 80
3711 81
3712 84
3713 84
3714 80
3715 82
3716 81
3717 81
3718 82
3719 81
3720 80
3721 82
3722 82
3723 83
3724 81
3725 86
3726 82
3727 82
3728 82
3729 82
3730 82
3731 81
3732 81
3733 81
3734 82
3735 81
3736 82
3737 85
3738 82
3739 84
3740 82
3741 83
3742 83
3743 83
3744 82
3745 81
3746 82
3747 83
3748 84
3749 86
3750 83
3751 83
3752 82
3753 83
3754 83
3755 82
3756 82
3757 83
3758 81
3759 83
3760 83
3761 84
3762 82
3763 82
3764 83
3765 83
3766 85
3767 82
3768 83
3769 83
3770 84
3771 83
3772 83
3773 87
3774 83
3775 83
3776 85
3777 84
3778 84
3779 86
3780 85
3781 84
3782 86
3783 84
3784 84
3785 87
3786 84
3787 83
3788 82
3789 84
3790 84
3791 87
3792 85
3793 86
3794 83
3795 84
3796 86
3797 84
3798 85
3799 84
3800 83
3801 85
3802 83
3803 84
3804 84
3805 87
3806 84
3807 85
3808 87
3809 83
3810 83
3811 85
3812 85
3813 83
3814 83
3815 85
3816 85
3817 85
3818 87
3819 86
3820 88
3821 84
3822 86
3823 85
3824 84
3825 84
3826 87
3827 85
3828 84
3829 84
3830 85
3831 84
3832 84
3833 85
3834 83
3835 85
3836 86
3837 86
3838 85
3839 86
3840 84
3841 84
3842 85
3843 88
3844 83
3845 84
3846 84
3847 85
3848 85
3849 84
3850 85
3851 85
3852 84
3853 82
3854 85
3855 86
3856 84
3857 85
3858 83
3859 83
3860 83
3861 82
3862 82
3863 85
3864 87
3865 84
3866 86
3867 87
3868 84
3869 86
3870 86
3871 83
3872 84
3873 85
3874 86
3875 112
3876 102
3877 83
3878 87
3879 85
3880 85
3881 85
3882 86
3883 84
3884 87
3885 86
3886 86
3887 87
3888 86
3889 87
3890 87
3891 88
3892 86
3893 88
3894 86
3895 88
3896 93
3897 89
3898 86
3899 86
3900 87
3901 86
3902 87
3903 87
3904 86
3905 88
3906 86
3907 86
3908 87
3909 88
3910 89
3911 86
3912 89
3913 88
3914 87
3915 87
3916 87
3917 86
3918 88
3919 89
3920 87
3921 86
3922 86
3923 91
3924 87
3925 88
3926 86
3927 85
3928 86
3929 85
3930 87
3931 87
3932 86
3933 87
3934 89
3935 90
3936 88
3937 90
3938 88
3939 87
3940 87
3941 85
3942 87
3943 87
3944 87
3945 86
3946 87
3947 87
3948 87
3949 86
3950 87
3951 89
3952 86
3953 88
3954 87
3955 87
3956 88
3957 90
3958 85
3959 86
3960 86
3961 86
3962 86
3963 86
3964 88
3965 87
3966 85
3967 86
3968 88
3969 88
3970 85
3971 88
3972 87
3973 86
3974 86
3975 87
3976 88
3977 87
3978 90
3979 86
3980 89
3981 89
3982 90
3983 87
3984 87
3985 88
3986 87
3987 85
3988 86
3989 87
3990 87
3991 86
3992 86
3993 85
3994 88
3995 86
3996 87
3997 87
3998 86
3999 86
4000 88
4001 86
4002 87
4003 89
4004 86
4005 88
4006 87
4007 87
4008 87
4009 87
4010 86
4011 86
4012 86
4013 87
4014 85
4015 87
4016 86
4017 87
4018 87
4019 87
4020 87
4021 88
4022 88
4023 86
4024 88
4025 87
4026 87
4027 88
4028 87
4029 87
4030 87
4031 86
4032 88
4033 87
4034 88
4035 88
4036 89
4037 89
4038 86
4039 88
4040 87
4041 86
4042 86
4043 87
4044 88
4045 87
4046 87
4047 91
4048 88
4049 87
4050 87
4051 88
4052 89
4053 87
4054 88
4055 88
4056 87
4057 86
4058 86
4059 87
4060 89
4061 89
4062 87
4063 86
4064 87
4065 87
4066 86
4067 88
4068 87
4069 88
4070 90
4071 90
4072 88
4073 87
4074 87
4075 90
4076 87
4077 88
4078 88
4079 89
4080 88
4081 89
4082 90
4083 89
4084 87
4085 88
4086 89
4087 87
4088 88
4089 88
4090 87
4091 86
4092 88
4093 88
4094 89
4095 89
4096 89
4097 88
4098 88
4099 87
4100 87
4101 89
4102 121
4103 93
4104 90
4105 88
4106 89
4107 90
4108 90
4109 89
4110 88
4111 87
4112 89
4113 87
4114 88
4115 88
4116 89
4117 87
4118 88
4119 87
4120 87
4121 90
4122 89
4123 90
4124 88
4125 89
4126 88
4127 89
4128 89
4129 88
4130 90
4131 90
4132 89
4133 88
4134 87
4135 90
4136 91
4137 89
4138 91
4139 88
4140 88
4141 90
4142 89
4143 89
4144 91
4145 88
4146 87
4147 88
4148 91
4149 92
4150 89
4151 90
4152 89
4153 89
4154 90
4155 91
4156 88
4157 89
4158 90
4159 91
4160 91
4161 87
4162 87
4163 88
4164 90
4165 89
4166 88
4167 90
4168 92
4169 90
4170 89
4171 94
4172 91
4173 91
4174 91
4175 93
4176 91
4177 91
4178 91
4179 90
4180 89
4181 92
4182 93
4183 91
4184 92
4185 89
4186 89
4187 90
4188 92
4189 90
4190 92
4191 90
4192 90
4193 90
4194 89
4195 91
4196 90
4197 90
4198 89
4199 90
4200 88
4201 91
4202 89
4203 90
4204 94
4205 90
4206 91
4207 91
4208 91
4209 92
4210 90
4211 91
4212 91
4213 91
4214 93
4215 92
4216 90
4217 89
4218 90
4219 91
4220 91
4221 91
4222 91
4223 91
4224 91
4225 91
4226 90
4227 92
4228 89
4229 90
4230 91
4231 89
4232 90
4233 91
4234 92
4235 91
4236 91
4237 92
4238 90
4239 92
4240 93
4241 90
4242 91
4243 91
4244 89
4245 91
4246 90
4247 91
4248 94
4249 90
4250 92
4251 91
4252 92
4253 91
4254 91
4255 90
4256 91
4257 92
4258 93
4259 92
4260 92
4261 91
4262 93
4263 91
4264 91
4265 91
4266 91
4267 92
4268 94
4269 94
4270 93
4271 94
4272 91
4273 93
4274 91
4275 92
4276 91
4277 91
4278 91
4279 93
4280 93
4281 95
4282 94
4283 96
4284 93
4285 92
4286 95
4287 92
4288 94
4289 95
4290 98
4291 92
4292 92
4293 90
4294 91
4295 93
4296 93
4297 92
4298 93
4299 92
4300 91
4301 94
4302 91
4303 91
4304 91
4305 94
4306 92
4307 92
4308 91
4309 92
4310 91
4311 92
4312 94
4313 92
4314 92
4315 93
4316 92
4317 91
4318 92
4319 105
4320 119
4321 92
4322 96
4323 90
4324 93
4325 92
4326 93
4327 92
4328 93
4329 93
4330 94
4331 93
4332 92
4333 95
4334 92
4335 92
4336 93
4337 94
4338 92
4339 92
4340 93
4341 94
4342 93
4343 94
4344 95
4345 93
4346 92
4347 93
4348 93
4349 92
4350 93
4351 94
4352 94
4353 92
4354 96
4355 92
4356 96
4357 93
4358 95
4359 94
4360 92
4361 94
4362 95
4363 94
4364 92
4365 95
4366 93
4367 94
4368 92
4369 93
4370 92
4371 94
4372 94
4373 93
4374 95
4375 98
4376 95
4377 92
4378 95
4379 92
4380 94
4381 93
4382 94
4383 93
4384 93
4385 94
4386 95
4387 96
4388 97
4389 94
4390 94
4391 94
4392 95
4393 94
4394 93
4395 94
4396 97
4397 95
4398 93
4399 94
4400 94
4401 94
4402 93
4403 94
4404 95
4405 98
4406 95
4407 97
4408 95
4409 97
4410 95
4411 93
4412 92
4413 93
4414 91
4415 93
4416 94
4417 94
4418 94
4419 93
4420 95
4421 93
4422 95
4423 93
4424 94
4425 94
4426 96
4427 94
4428 96
4429 94
4430 97
4431 97
4432 97
4433 95
4434 96
4435 96
4436 95
4437 97
4438 98
4439 95
4440 95
4441 94
4442 93
4443 95
4444 96
4445 95
4446 94
4447 95
4448 95
4449 97
4450 96
4451 97
4452 96
4453 96
4454 98
4455 96
4456 96
4457 97
4458 97
4459 100
4460 96
4461 95
4462 96
4463 96
4464 95
4465 96
4466 97
4467 95
4468 94
4469 98
4470 94
4471 97
4472 94
4473 97
4474 95
4475 98
4476 98
4477 97
4478 96
4479 95
4480 98
4481 96
4482 97
4483 95
4484 95
4485 97
4486 97
4487 95
4488 96
4489 97
4490 99
4491 96
4492 95
4493 96
4494 97
4495 97
4496 96
4497 96
4498 96
4499 98
4500 101
4501 96
4502 95
4503 97
4504 94
4505 97
4506 95
4507 96
4508 96
4509 97
4510 96
4511 99
4512 94
4513 94
4514 96
4515 94
4516 98
4517 97
4518 94
4519 97
4520 97
4521 96
4522 95
4523 95
4524 96
4525 97
4526 95
4527 94
4528 127
4529 103
4530 94
4531 96
4532 96
4533 94
4534 95
4535 95
4536 94
4537 95
4538 95
4539 98
4540 94
4541 97
4542 96
4543 95
4544 96
4545 96
4546 96
4547 96
4548 95
4549 95
4550 95
4551 95
4552 99
4553 96
4554 97
4555 95
4556 96
4557 98
4558 96
4559 96
4560 97
4561 98
4562 96
4563 97
4564 95
4565 95
4566 100
4567 97
4568 98
4569 98
4570 95
4571 95
4572 99
4573 96
4574 98
4575 96
4576 95
4577 96
4578 96
4579 97
4580 99
4581 96
4582 98
4583 98
4584 97
4585 95
4586 99
4587 97
4588 100
4589 99
4590 100
4591 97
4592 99
4593 100
4594 98
4595 98
4596 95
4597 97
4598 101
4599 100
4600 96
4601 98
4602 100
4603 99
4604 99
4605 98
4606 99
4607 98
4608 99
4609 99
4610 100
4611 99
4612 99
4613 100
4614 98
4615 98
4616 97
4617 100
4618 98
4619 99
4620 100
4621 101
4622 100
4623 99
4624 100
4625 99
4626 100
4627 100
4628 99
4629 99
4630 98
4631 101
4632 100
4633 101
4634 100
4635 99
4636 99
4637 101
4638 100
4639 98
4640 101
4641 100
4642 100
4643 99
4644 100
4645 99
4646 98
4647 100
4648 99
4649 101
4650 100
4651 98
4652 102
4653 99
4654 100
4655 99
4656 103
4657 98
4658 99
4659 99
4660 100
4661 99
4662 102
4663 98
4664 99
4665 99
4666 100
4667 99
4668 99
4669 100
4670 98
4671 99
4672 101
4673 99
4674 100
4675 103
4676 98
4677 100
4678 100
4679 99
4680 99
4681 99
4682 102
4683 100
4684 99
4685 101
4686 102
4687 99
4688 100
4689 101
4690 103
4691 100
4692 104
4693 101
4694 104
4695 103
4696 100
4697 100
4698 100
4699 101
4700 99
4701 100
4702 103
4703 100
4704 99
4705 99
4706 101
4707 101
4708 100
4709 100
4710 101
4711 99
4712 102
4713 101
4714 102
4715 101
4716 101
4717 102
4718 103
4719 104
4720 103
4721 102
4722 104
4723 102
4724 104
4725 101
4726 103
4727 102
4728 120
4729 124
4730 99
4731 103
4732 101
4733 102
4734 103
4735 100
4736 103
4737 104
4738 100
4739 103
4740 103
4741 103
4742 100
4743 100
4744 102
4745 102
4746 101
4747 102
4748 101
4749 101
4750 103
4751 100
4752 100
4753 101
4754 103
4755 102
4756 100
4757 104
4758 101
4759 104
4760 104
4761 101
4762 104
4763 101
4764 101
4765 100
4766 104
4767 102
4768 101
4769 102
4770 102
4771 101
4772 103
4773 101
4774 100
4775 103
4776 102
4777 102
4778 105
4779 106
4780 102
4781 103
4782 102
4783 102
4784 102
4785 102
4786 103
4787 102
4788 102
4789 103
4790 101
4791 102
4792 101
4793 102
4794 101
4795 103
4796 102
4797 102
4798 102
4799 102
4800 104
4801 103
4802 103
4803 102
4804 104
4805 102
4806 102
4807 103
4808 103
4809 102
4810 102
4811 102
4812 105
4813 102
4814 103
4815 104
4816 103
4817 101
4818 105
4819 104
4820 102
4821 101
4822 101
4823 102
4824 102
4825 100
4826 103
4827 103
4828 105
4829 103
4830 105
4831 106
4832 102
4833 104
4834 101
4835 101
4836 103
4837 103
4838 102
4839 103
4840 102
4841 105
4842 104
4843 104
4844 102
4845 104
4846 105
4847 105
4848 104
4849 103
4850 106
4851 103
4852 105
4853 107
4854 103
4855 104
4856 106
4857 102
4858 102
4859 105
4860 103
4861 103
4862 103
4863 104
4864 104
4865 105
4866 106
4867 102
4868 106
4869 106
4870 102
4871 103
4872 105
4873 102
4874 104
4875 104
4876 105
4877 103
4878 105
4879 103
4880 104
4881 102
4882 105
4883 104
4884 103
4885 105
4886 104
4887 106
4888 105
4889 103
4890 104
4891 106
4892 105
4893 105
4894 106
4895 105
4896 104
4897 106
4898 106
4899 104
4900 104
4901 104
4902 104
4903 107
4904 106
4905 107
4906 104
4907 106
4908 104
4909 102
4910 103
4911 104
4912 103
4913 109
4914 105
4915 104
4916 105
4917 104
4918 104
4919 105
4920 124
4921 129
4922 112
4923 106
4924 105
4925 103
4926 103
4927 105
4928 106
4929 106
4930 105
4931 104
4932 105
4933 106
4934 108
4935 105
4936 105
4937 105
4938 104
4939 107
4940 106
4941 111
4942 104
4943 105
4944 105
4945 104
4946 105
4947 104
4948 104
4949 105
4950 106
4951 106
4952 107
4953 106
4954 104
4955 105
4956 106
4957 104
4958 105
4959 105
4960 108
4961 106
4962 104
4963 106
4964 107
4965 105
4966 106
4967 105
4968 105
4969 106
4970 106
4971 106
4972 106
4973 106
4974 106
4975 107
4976 105
4977 106
4978 108
4979 106
4980 105
4981 107
4982 106
4983 106
4984 108
4985 103
4986 106
4987 108
4988 106
4989 105
4990 106
4991 106
4992 106
4993 105
4994 107
4995 106
4996 106
4997 106
4998 107
4999 104
5000 107
