1 0.03
25001 1.1
50001 1.55
75001 2.49
100001 1.23
125001 1.46
150001 2.38
175001 2.63
200001 2.22
225001 5.96
250001 4.57
275001 6.04
300001 4.56
325001 6.37
350001 6.85
375001 7.37
400001 6.22
425001 8.94
450001 5.05
475001 5.35
500001 10.52
525001 8.33
550001 6.4
575001 10.34
600001 9.28
625001 9.89
650001 9.98
675001 10.44
700001 12.52
725001 9.52
750001 8.78
775001 12.54
800001 12.73
825001 10.34
850001 19.54
875001 14.14
900001 10.66
925001 16.34
950001 15.16
975001 15.86
1 0.02
1001 0.11
2001 0.2
3001 0.21
4001 0.29
5001 0.3
6001 0.35
7001 0.32
8001 0.52
9001 0.85
10001 0.37
11001 0.36
12001 0.4
13001 0.4
14001 0.83
15001 1.01
16001 0.49
17001 1.01
18001 0.98
19001 0.49
20001 0.52
21001 0.95
22001 1.5
23001 0.48
24001 1.01
25001 1.14
26001 0.98
27001 0.63
28001 1.28
29001 0.58
30001 0.58
31001 1.28
32001 0.59
33001 2.28
34001 0.63
35001 0.7
36001 0.64
37001 1.5
38001 0.66
39001 1.77
40001 0.69
41001 0.68
42001 1.25
43001 0.79
44001 1.21
45001 0.73
46001 0.87
47001 2.24
48001 0.72
49001 0.92
50001 1.14
51001 1.18
52001 1.42
53001 0.96
54001 0.96
55001 0.98
56001 0.89
57001 1.98
58001 2.38
59001 0.86
60001 0.87
61001 0.87
62001 2.26
63001 1.67
64001 2.63
65001 0.88
66001 2.2
67001 1.18
68001 2.02
69001 0.91
70001 1.18
71001 2.5
72001 2.68
73001 2.99
74001 0.99
75001 1.25
76001 1.54
77001 1.27
78001 2.51
79001 2.32
80001 1.33
81001 2.51
82001 2.3
83001 2.68
84001 1.08
85001 1.09
86001 1.38
87001 1.74
88001 1.42
89001 2.13
90001 1.15
91001 1.52
92001 2.79
93001 1.16
94001 3.17
95001 2.79
96001 1.82
97001 1.18
98001 3.26
99001 2.18
100001 1.62
101001 2.29
102001 1.23
103001 1.25
104001 1.62
105001 1.96
106001 2.95
107001 3.29
108001 2.48
109001 1.31
110001 1.77
111001 2.05
112001 2.05
113001 2.11
114001 1.38
115001 3.72
116001 1.43
117001 1.41
118001 3.88
119001 2.27
120001 1.86
121001 4.04
122001 2.96
123001 1.95
124001 2.33
125001 1.86
126001 3.29
127001 4.0
128001 1.47
129001 1.52
130001 3.34
131001 2.06
132001 2.0
133001 1.58
134001 4.52
135001 1.59
136001 2.65
137001 2.13
138001 3.08
139001 2.95
140001 2.15
141001 3.67
142001 2.21
143001 3.01
144001 1.68
145001 2.22
146001 3.7
147001 3.7
148001 2.27
149001 4.38
150001 2.27
151001 1.98
152001 2.65
153001 1.72
154001 3.12
155001 3.71
156001 3.49
157001 4.1
158001 2.45
159001 3.34
160001 4.01
161001 2.54
162001 2.69
163001 3.88
164001 3.02
165001 1.87
166001 2.24
167001 4.02
168001 1.98
169001 2.71
170001 1.94
171001 1.92
172001 1.96
173001 2.63
174001 3.17
175001 1.97
176001 2.67
177001 1.99
178001 2.79
179001 2.69
180001 2.77
181001 2.76
182001 5.16
183001 3.56
184001 4.32
185001 2.05
186001 4.17
187001 2.85
188001 4.57
189001 2.82
190001 5.14
191001 6.47
192001 2.9
193001 2.95
194001 5.93
195001 2.2
196001 3.76
197001 4.12
198001 8.31
199001 4.03
200001 3.03
201001 4.33
202001 2.3
203001 3.4
204001 2.45
205001 3.08
206001 4.28
207001 4.96
208001 2.38
209001 2.25
210001 3.19
211001 5.26
212001 2.38
213001 3.44
214001 2.41
215001 3.23
216001 4.67
217001 3.3
218001 2.42
219001 2.78
220001 3.93
221001 2.51
222001 2.56
223001 3.36
224001 5.97
225001 3.5
226001 5.07
227001 4.42
228001 2.53
229001 3.44
230001 2.53
231001 5.78
232001 3.79
233001 5.34
234001 2.58
235001 5.15
236001 4.65
237001 2.74
238001 3.64
239001 3.61
240001 4.65
241001 3.9
242001 3.08
243001 2.72
244001 3.76
245001 5.14
246001 6.48
247001 3.94
248001 3.68
249001 3.74
250001 3.75
251001 3.77
252001 4.0
253001 3.78
254001 4.7
255001 5.27
256001 3.94
257001 5.56
258001 2.94
259001 2.83
260001 3.9
261001 5.04
262001 3.16
263001 8.1
264001 5.67
265001 7.07
266001 6.19
267001 4.19
268001 4.08
269001 3.06
270001 7.52
271001 4.38
272001 3.98
273001 4.39
274001 8.46
275001 7.42
276001 5.69
277001 5.72
278001 4.51
279001 3.02
280001 5.74
281001 3.21
282001 3.18
283001 3.2
284001 5.13
285001 4.43
286001 5.49
287001 4.28
288001 4.68
289001 4.7
290001 4.56
291001 4.63
292001 4.47
293001 6.1
294001 5.9
295001 4.56
296001 6.25
297001 3.48
298001 5.88
299001 7.65
300001 7.99
301001 3.42
302001 6.28
303001 7.21
304001 4.6
305001 8.48
306001 4.64
307001 4.77
308001 5.52
309001 6.97
310001 4.65
311001 3.54
312001 5.58
313001 9.05
314001 3.65
315001 4.32
316001 5.67
317001 9.35
318001 6.94
319001 3.67
320001 3.76
321001 4.95
322001 3.62
323001 3.66
324001 5.22
325001 8.14
326001 3.63
327001 3.64
328001 4.95
329001 3.7
330001 3.84
331001 3.64
332001 6.42
333001 3.7
334001 7.87
335001 5.1
336001 3.77
337001 9.09
338001 5.51
339001 6.0
340001 3.82
341001 8.25
342001 6.94
343001 5.16
344001 5.28
345001 6.63
346001 5.55
347001 8.65
348001 3.9
349001 5.93
350001 5.25
351001 4.11
352001 5.44
353001 10.24
354001 7.49
355001 7.66
356001 5.51
357001 4.02
358001 4.17
359001 4.07
360001 7.94
361001 6.19
362001 9.31
363001 3.96
364001 9.08
365001 4.13
366001 5.24
367001 5.03
368001 8.66
369001 8.15
370001 5.86
371001 6.59
372001 5.62
373001 5.75
374001 5.82
375001 5.87
376001 8.42
377001 4.29
378001 5.78
379001 6.76
380001 7.26
381001 6.03
382001 4.32
383001 6.97
384001 5.93
385001 5.87
386001 6.11
387001 4.46
388001 5.91
389001 6.85
390001 7.01
391001 5.88
392001 6.03
393001 8.59
394001 6.47
395001 4.75
396001 7.59
397001 6.28
398001 6.09
399001 6.11
400001 6.16
401001 5.36
402001 6.48
403001 9.15
404001 7.02
405001 5.16
406001 4.6
407001 8.46
408001 6.43
409001 7.35
410001 4.46
411001 4.6
412001 8.42
413001 4.72
414001 4.76
415001 4.79
416001 6.27
417001 6.47
418001 4.69
419001 9.26
420001 9.01
421001 7.82
422001 4.62
423001 9.49
424001 6.46
425001 8.39
426001 6.59
427001 7.46
428001 8.12
429001 4.92
430001 4.89
431001 7.33
432001 5.0
433001 7.42
434001 9.28
435001 6.75
436001 6.64
437001 4.84
438001 6.78
439001 6.97
440001 5.0
441001 5.11
442001 8.35
443001 9.25
444001 10.56
445001 6.82
446001 6.91
447001 9.64
448001 6.91
449001 7.02
450001 6.96
451001 10.2
452001 6.79
453001 10.42
454001 8.62
455001 5.19
456001 7.62
457001 5.36
458001 7.11
459001 5.53
460001 7.29
461001 7.27
462001 6.95
463001 8.78
464001 5.42
465001 6.2
466001 7.63
467001 5.64
468001 8.09
469001 8.2
470001 7.23
471001 7.47
472001 7.28
473001 7.29
474001 8.37
475001 8.25
476001 8.17
477001 5.38
478001 13.2
479001 7.33
480001 6.51
481001 5.56
482001 12.64
483001 7.36
484001 8.02
485001 7.59
486001 5.69
487001 7.5
488001 6.45
489001 10.68
490001 5.44
491001 7.83
492001 10.26
493001 9.35
494001 7.05
495001 5.81
496001 9.42
497001 5.82
498001 11.44
499001 7.72
500001 5.78
501001 7.73
502001 7.95
503001 8.04
504001 7.48
505001 8.78
506001 7.68
507001 7.88
508001 7.5
509001 8.69
510001 7.72
511001 10.46
512001 5.87
513001 9.45
514001 12.91
515001 11.98
516001 7.95
517001 15.68
518001 9.66
519001 8.02
520001 6.0
521001 7.97
522001 7.63
523001 11.59
524001 6.36
525001 6.04
526001 7.84
527001 12.0
528001 8.06
529001 9.89
530001 8.22
531001 8.17
532001 8.09
533001 8.26
534001 8.65
535001 9.78
536001 6.47
537001 6.22
538001 6.31
539001 8.27
540001 6.23
541001 6.07
542001 8.41
543001 6.51
544001 8.41
545001 10.92
546001 8.24
547001 12.03
548001 7.38
549001 8.33
550001 8.56
551001 9.72
552001 6.49
553001 11.33
554001 8.6
555001 8.48
556001 12.01
557001 8.9
558001 10.03
559001 8.72
560001 8.67
561001 6.55
562001 8.77
563001 6.46
564001 6.48
565001 7.46
566001 8.89
567001 12.15
568001 10.01
569001 10.7
570001 9.03
571001 8.97
572001 6.89
573001 7.56
574001 9.88
575001 6.81
576001 6.73
577001 9.62
578001 6.63
579001 6.63
580001 9.0
581001 9.09
582001 11.31
583001 9.09
584001 9.26
585001 9.02
586001 6.7
587001 9.29
588001 12.88
589001 6.99
590001 9.29
591001 6.91
592001 6.91
593001 8.63
594001 10.57
595001 13.41
596001 6.8
597001 9.22
598001 13.85
599001 10.98
600001 8.97
601001 9.52
602001 13.44
603001 14.83
604001 6.95
605001 9.44
606001 9.45
607001 12.2
608001 7.12
609001 8.01
610001 12.28
611001 7.11
612001 9.66
613001 9.57
614001 7.34
615001 9.57
616001 9.51
617001 9.54
618001 7.14
619001 9.76
620001 12.11
621001 7.16
622001 9.48
623001 9.12
624001 13.48
625001 9.81
626001 10.56
627001 14.19
628001 9.6
629001 11.01
630001 8.12
631001 12.29
632001 12.62
633001 7.36
634001 14.45
635001 11.98
636001 7.74
637001 7.37
638001 11.7
639001 14.67
640001 12.64
641001 10.11
642001 10.14
643001 10.93
644001 7.53
645001 7.61
646001 7.58
647001 10.4
648001 7.63
649001 13.79
650001 11.25
651001 12.15
652001 7.86
653001 13.62
654001 7.49
655001 13.76
656001 8.61
657001 9.8
658001 7.87
659001 8.38
660001 13.06
661001 7.74
662001 10.34
663001 10.72
664001 10.98
665001 10.67
666001 12.58
667001 11.39
668001 10.49
669001 10.71
670001 8.02
671001 10.45
672001 16.37
673001 12.67
674001 10.62
675001 10.65
676001 16.5
677001 10.63
678001 10.84
679001 16.1
680001 20.35
681001 13.42
682001 10.73
683001 10.64
684001 8.02
685001 13.99
686001 8.14
687001 10.72
688001 12.76
689001 8.25
690001 8.09
691001 8.39
692001 10.21
693001 12.43
694001 17.19
695001 14.74
696001 14.79
697001 18.3
698001 14.55
699001 11.36
700001 18.27
701001 11.18
702001 10.95
703001 11.28
704001 11.2
705001 13.83
706001 11.18
707001 13.37
708001 8.5
709001 8.51
710001 11.11
711001 12.6
712001 11.09
713001 14.3
714001 9.29
715001 10.22
716001 13.12
717001 8.6
718001 14.46
719001 13.95
720001 15.43
721001 11.19
722001 12.18
723001 8.78
724001 8.62
725001 12.78
726001 11.83
727001 8.44
728001 11.21
729001 10.76
730001 11.38
731001 17.18
732001 11.54
733001 10.36
734001 12.82
735001 11.65
736001 11.8
737001 15.39
738001 8.77
739001 15.1
740001 11.68
741001 13.01
742001 15.15
743001 8.93
744001 11.79
745001 11.72
746001 25.84
747001 11.81
748001 8.87
749001 8.93
750001 11.91
751001 8.79
752001 11.83
753001 9.06
754001 12.23
755001 11.89
756001 13.96
757001 11.78
758001 9.02
759001 9.05
760001 11.93
761001 18.34
762001 9.93
763001 11.99
764001 11.99
765001 9.34
766001 13.93
767001 8.82
768001 15.39
769001 9.45
770001 15.67
771001 12.57
772001 14.74
773001 9.11
774001 12.38
775001 10.14
776001 17.9
777001 12.32
778001 9.2
779001 12.21
780001 12.23
781001 15.24
782001 9.39
783001 9.28
784001 12.26
785001 16.96
786001 9.31
787001 13.63
788001 16.63
789001 16.56
790001 13.49
791001 12.76
792001 14.61
793001 11.26
794001 15.96
795001 12.56
796001 18.96
797001 12.44
798001 9.94
799001 14.75
800001 13.58
801001 13.36
802001 13.57
803001 12.77
804001 12.84
805001 12.82
806001 13.81
807001 9.5
808001 13.75
809001 15.95
810001 9.34
811001 17.48
812001 9.89
813001 18.48
814001 13.15
815001 9.63
816001 13.86
817001 13.58
818001 13.32
819001 12.9
820001 9.95
821001 18.43
822001 13.55
823001 12.93
824001 13.08
825001 13.67
826001 13.43
827001 13.24
828001 15.24
829001 9.81
830001 10.04
831001 16.93
832001 9.92
833001 10.36
834001 10.09
835001 13.24
836001 12.54
837001 13.59
838001 16.42
839001 15.34
840001 13.12
841001 13.66
842001 13.36
843001 13.69
844001 10.51
845001 12.24
846001 10.48
847001 13.69
848001 13.11
849001 13.61
850001 14.66
851001 10.4
852001 10.07
853001 17.24
854001 13.36
855001 11.2
856001 13.63
857001 13.98
858001 12.17
859001 13.7
860001 13.86
861001 14.55
862001 13.9
863001 14.02
864001 13.58
865001 13.82
866001 14.68
867001 14.48
868001 21.66
869001 13.91
870001 25.81
871001 13.61
872001 10.89
873001 10.64
874001 14.15
875001 14.29
876001 10.51
877001 11.47
878001 10.32
879001 19.67
880001 10.38
881001 17.23
882001 10.54
883001 10.86
884001 10.92
885001 13.61
886001 10.75
887001 15.46
888001 14.47
889001 14.4
890001 16.57
891001 14.19
892001 10.98
893001 14.09
894001 14.38
895001 19.35
896001 11.31
897001 13.06
898001 14.51
899001 15.08
900001 14.28
901001 17.64
902001 15.48
903001 13.8
904001 15.41
905001 14.54
906001 14.82
907001 15.2
908001 21.96
909001 14.72
910001 18.74
911001 20.09
912001 11.18
913001 11.33
914001 11.16
915001 17.14
916001 11.8
917001 11.09
918001 15.62
919001 15.29
920001 13.13
921001 11.06
922001 14.66
923001 19.79
924001 11.07
925001 11.19
926001 11.16
927001 11.25
928001 11.01
929001 14.95
930001 13.65
931001 19.0
932001 14.98
933001 11.18
934001 11.92
935001 15.14
936001 18.64
937001 15.69
938001 11.53
939001 12.27
940001 18.29
941001 18.88
942001 11.97
943001 15.36
944001 15.09
945001 11.86
946001 15.57
947001 15.34
948001 21.23
949001 15.43
950001 15.4
951001 13.71
952001 11.16
953001 11.59
954001 22.57
955001 15.17
956001 11.77
957001 20.58
958001 13.57
959001 11.84
960001 15.55
961001 15.41
962001 17.96
963001 15.59
964001 22.75
965001 11.59
966001 17.8
967001 23.65
968001 13.42
969001 18.93
970001 15.31
971001 15.44
972001 16.82
973001 15.76
974001 15.86
975001 12.33
976001 15.01
977001 15.58
978001 16.01
979001 11.95
980001 18.71
981001 16.09
982001 15.23
983001 15.83
984001 15.9
985001 16.39
986001 13.12
987001 21.83
988001 16.12
989001 12.12
990001 19.42
991001 14.0
992001 12.27
993001 17.33
994001 15.83
995001 16.94
996001 18.25
997001 12.96
998001 19.81
999001 16.27
