1 27
2 12
3 20
4 13
5 20
6 16
7 15
8 20
9 13
10 20
11 12
12 21
13 17
14 16
15 20
16 12
17 19
18 13
19 18
20 20
21 13
22 20
23 14
24 19
25 19
26 13
27 20
28 13
29 20
30 13
31 20
32 20
33 13
34 19
35 12
36 20
37 12
38 19
39 18
40 13
41 20
42 13
43 20
44 13
45 18
46 21
47 13
48 20
49 13
50 20
51 16
52 15
53 21
54 13
55 20
56 16
57 16
58 22
59 13
60 20
61 13
62 19
63 22
64 28
65 21
66 16
67 20
68 15
69 20
70 19
71 14
72 20
73 13
74 18
75 14
76 19
77 17
78 14
79 20
80 14
81 19
82 13
83 19
84 19
85 14
86 19
87 13
88 19
89 13
90 19
91 20
92 14
93 19
94 14
95 19
96 15
97 16
98 20
99 14
100 19
101 14
102 19
103 19
104 15
105 20
106 13
107 19
108 20
109 14
110 20
111 14
112 19
113 19
114 14
115 20
116 14
117 20
118 16
119 18
120 23
121 14
122 20
123 20
124 16
125 21
126 20
127 14
128 22
129 14
130 20
131 21
132 14
133 21
134 21
135 14
136 21
137 16
138 18
139 21
140 14
141 21
142 21
143 14
144 21
145 17
146 18
147 21
148 14
149 19
150 22
151 14
152 21
153 22
154 15
155 22
156 22
157 16
158 22
159 22
160 14
161 22
162 21
163 15
164 22
165 22
166 14
167 22
168 20
169 16
170 25
171 23
172 25
173 15
174 24
175 22
176 15
177 22
178 21
179 15
180 22
181 19
182 16
183 23
184 20
185 15
186 22
187 22
188 15
189 23
190 21
191 16
192 23
193 21
194 15
195 22
196 21
197 15
198 22
199 23
200 15
201 23
202 22
203 15
204 23
205 23
206 15
207 22
208 23
209 16
210 19
211 23
212 20
213 16
214 24
215 22
216 17
217 24
218 23
219 23
220 19
221 24
222 23
223 21
224 17
225 24
226 21
227 15
228 23
229 21
230 15
231 23
232 21
233 16
234 23
235 24
236 19
237 18
238 24
239 22
240 15
241 23
242 22
243 16
244 23
245 24
246 22
247 15
248 24
249 22
250 17
251 23
252 24
253 22
254 16
255 24
256 22
257 16
258 24
259 23
260 20
261 18
262 23
263 23
264 16
265 23
266 24
267 24
268 24
269 21
270 24
271 21
272 17
273 23
274 24
275 24
276 16
277 24
278 24
279 20
280 18
281 24
282 22
283 16
284 24
285 23
286 22
287 16
288 24
289 22
290 17
291 23
292 24
293 22
294 17
295 25
296 26
297 23
298 16
299 24
300 24
301 24
302 17
303 24
304 24
305 23
306 16
307 24
308 23
309 21
310 18
311 24
312 22
313 37
314 22
315 17
316 24
317 24
318 23
319 17
320 25
321 25
322 22
323 17
324 24
325 24
326 23
327 17
328 24
329 24
330 24
331 17
332 24
333 24
334 22
335 17
336 25
337 23
338 24
339 17
340 27
341 24
342 22
343 17
344 24
345 25
346 22
347 18
348 25
349 25
350 22
351 18
352 21
353 26
354 22
355 21
356 29
357 22
358 26
359 25
360 22
361 18
362 25
363 25
364 22
365 18
366 25
367 26
368 25
369 25
370 18
371 24
372 25
373 24
374 23
375 18
376 25
377 24
378 23
379 19
380 23
381 26
382 26
383 23
384 18
385 25
386 25
387 24
388 26
389 18
390 25
391 25
392 24
393 24
394 18
395 26
396 29
397 26
398 22
399 31
400 22
401 21
402 26
403 26
404 23
405 24
406 18
407 25
408 26
409 21
410 20
411 23
412 26
413 26
414 23
415 19
416 23
417 26
418 26
419 22
420 20
421 23
422 27
423 27
424 23
425 23
426 20
427 25
428 27
429 22
430 22
431 21
432 27
433 27
434 26
435 23
436 24
437 23
438 25
439 27
440 27
441 26
442 28
443 25
444 19
445 26
446 26
447 27
448 23
449 24
450 20
451 26
452 27
453 25
454 24
455 20
456 23
457 26
458 27
459 27
460 24
461 26
462 20
463 24
464 27
465 27
466 25
467 24
468 20
469 25
470 26
471 27
472 27
473 23
474 23
475 23
476 26
477 27
478 26
479 22
480 28
481 25
482 23
483 27
484 27
485 27
486 25
487 26
488 25
489 21
490 27
491 28
492 27
493 27
494 24
495 27
496 22
497 22
498 27
499 27
500 28
501 25
502 31
503 40
504 42
505 38
506 29
507 23
508 24
509 27
510 28
511 29
512 27
513 27
514 23
515 25
516 27
517 24
518 27
519 28
520 28
521 27
522 25
523 25
524 27
525 20
526 26
527 28
528 28
529 27
530 25
531 25
532 27
533 21
534 26
535 29
536 28
537 27
538 27
539 25
540 26
541 26
542 22
543 26
544 27
545 28
546 28
547 29
548 30
549 27
550 25
551 28
552 27
553 27
554 30
555 23
556 26
557 28
558 29
559 29
560 28
561 29
562 27
563 25
564 27
565 27
566 22
567 25
568 27
569 28
570 28
571 30
572 28
573 29
574 28
575 26
576 25
577 28
578 25
579 23
580 29
581 29
582 28
583 31
584 29
585 29
586 29
587 29
588 31
589 28
590 28
591 29
592 30
593 29
594 30
595 30
596 29
597 29
598 28
599 25
600 27
601 29
602 30
603 29
604 27
605 31
606 29
607 27
608 27
609 34
610 28
611 29
612 28
613 24
614 26
615 29
616 30
617 30
618 24
619 30
620 30
621 30
622 29
623 32
624 30
625 30
626 29
627 29
628 30
629 29
630 30
631 30
632 30
633 30
634 30
635 30
636 30
637 30
638 31
639 30
640 30
641 30
642 30
643 30
644 30
645 31
646 30
647 30
648 29
649 30
650 29
651 30
652 30
653 30
654 30
655 32
656 32
657 30
658 30
659 30
660 29
661 30
662 30
663 29
664 31
665 30
666 29
667 30
668 30
669 30
670 30
671 30
672 30
673 24
674 30
675 30
676 31
677 30
678 30
679 31
680 24
681 30
682 32
683 31
684 30
685 25
686 30
687 30
688 31
689 33
690 34
691 30
692 29
693 30
694 30
695 30
696 29
697 30
698 29
699 30
700 29
701 29
702 30
703 31
704 29
705 30
706 30
707 29
708 31
709 29
710 29
711 30
712 30
713 29
714 30
715 27
716 33
717 30
718 30
719 30
720 30
721 30
722 32
723 28
724 28
725 29
726 30
727 29
728 31
729 30
730 30
731 30
732 30
733 30
734 30
735 30
736 31
737 29
738 30
739 30
740 30
741 30
742 30
743 30
744 30
745 30
746 30
747 29
748 32
749 29
750 29
751 30
752 30
753 29
754 31
755 32
756 28
757 29
758 30
759 29
760 30
761 30
762 30
763 30
764 29
765 31
766 30
767 30
768 30
769 30
770 30
771 29
772 29
773 29
774 31
775 30
776 29
777 31
778 30
779 29
780 30
781 30
782 29
783 30
784 30
785 30
786 30
787 30
788 34
789 29
790 29
791 30
792 29
793 29
794 30
795 30
796 29
797 31
798 30
799 30
800 29
801 30
802 31
803 29
804 30
805 29
806 30
807 30
808 30
809 30
810 31
811 30
812 31
813 30
814 31
815 30
816 30
817 30
818 30
819 29
820 31
821 33
822 31
823 33
824 34
825 28
826 38
827 31
828 30
829 30
830 31
831 30
832 30
833 30
834 31
835 31
836 30
837 29
838 31
839 30
840 31
841 29
842 31
843 30
844 30
845 29
846 32
847 28
848 29
849 28
850 28
851 28
852 29
853 34
854 32
855 29
856 29
857 29
858 30
859 28
860 28
861 29
862 29
863 30
864 30
865 30
866 31
867 29
868 30
869 30
870 30
871 30
872 30
873 30
874 30
875 30
876 30
877 30
878 32
879 29
880 29
881 30
882 30
883 30
884 30
885 30
886 32
887 30
888 29
889 29
890 29
891 29
892 29
893 30
894 30
895 30
896 30
897 30
898 30
899 33
900 29
901 29
902 29
903 30
904 30
905 30
906 30
907 30
908 30
909 30
910 31
911 31
912 31
913 30
914 29
915 30
916 31
917 30
918 38
919 31
920 34
921 33
922 34
923 31
924 31
925 31
926 30
927 31
928 29
929 30
930 31
931 30
932 30
933 30
934 31
935 32
936 30
937 31
938 31
939 33
940 33
941 34
942 32
943 34
944 31
945 30
946 31
947 30
948 30
949 30
950 41
951 34
952 34
953 33
954 32
955 31
956 31
957 31
958 31
959 30
960 31
961 31
962 31
963 30
964 31
965 30
966 30
967 31
968 31
969 32
970 33
971 34
972 34
973 33
974 32
975 32
976 31
977 31
978 31
979 32
980 36
981 32
982 33
983 33
984 31
985 32
986 32
987 32
988 30
989 30
990 31
991 33
992 35
993 33
994 36
995 32
996 33
997 32
998 32
999 32
1000 34
1001 34
1002 36
1003 33
1004 32
1005 32
1006 31
1007 33
1008 33
1009 36
1010 35
1011 34
1012 33
1013 32
1014 31
1015 33
1016 35
1017 35
1018 35
1019 32
1020 32
1021 32
1022 33
1023 32
1024 32
1025 33
1026 35
1027 34
1028 32
1029 33
1030 32
1031 32
1032 32
1033 33
1034 36
1035 36
1036 33
1037 32
1038 32
1039 32
1040 31
1041 37
1042 35
1043 36
1044 33
1045 32
1046 33
1047 33
1048 31
1049 35
1050 35
1051 36
1052 32
1053 32
1054 34
1055 32
1056 33
1057 36
1058 35
1059 32
1060 33
1061 33
1062 33
1063 33
1064 35
1065 35
1066 36
1067 33
1068 33
1069 34
1070 38
1071 34
1072 34
1073 32
1074 33
1075 32
1076 34
1077 36
1078 36
1079 34
1080 35
1081 33
1082 38
1083 33
1084 37
1085 32
1086 32
1087 34
1088 36
1089 36
1090 34
1091 37
1092 32
1093 33
1094 32
1095 36
1096 36
1097 33
1098 33
1099 35
1100 41
1101 37
1102 34
1103 34
1104 33
1105 33
1106 37
1107 36
1108 35
1109 34
1110 33
1111 36
1112 37
1113 36
1114 33
1115 34
1116 33
1117 35
1118 38
1119 38
1120 35
1121 34
1122 34
1123 37
1124 37
1125 34
1126 34
1127 35
1128 41
1129 37
1130 34
1131 34
1132 33
1133 37
1134 36
1135 34
1136 44
1137 53
1138 58
1139 49
1140 38
1141 36
1142 34
1143 33
1144 36
1145 37
1146 38
1147 34
1148 35
1149 35
1150 37
1151 38
1152 36
1153 35
1154 39
1155 37
1156 36
1157 34
1158 35
1159 34
1160 37
1161 39
1162 35
1163 34
1164 34
1165 38
1166 37
1167 35
1168 35
1169 36
1170 38
1171 36
1172 38
1173 35
1174 38
1175 36
1176 35
1177 35
1178 36
1179 38
1180 36
1181 40
1182 37
1183 38
1184 36
1185 36
1186 34
1187 36
1188 38
1189 37
1190 36
1191 35
1192 38
1193 36
1194 35
1195 35
1196 36
1197 39
1198 40
1199 36
1200 36
1201 38
1202 36
1203 34
1204 36
1205 34
1206 39
1207 36
1208 36
1209 44
1210 39
1211 36
1212 35
1213 36
1214 39
1215 38
1216 36
1217 35
1218 39
1219 37
1220 35
1221 36
1222 40
1223 38
1224 40
1225 38
1226 38
1227 35
1228 35
1229 39
1230 37
1231 36
1232 36
1233 39
1234 37
1235 40
1236 37
1237 39
1238 37
1239 36
1240 36
1241 42
1242 36
1243 36
1244 36
1245 39
1246 37
1247 38
1248 36
1249 39
1250 39
1251 38
1252 36
1253 39
1254 37
1255 37
1256 37
1257 41
1258 36
1259 37
1260 36
1261 39
1262 41
1263 37
1264 39
1265 37
1266 37
1267 39
1268 39
1269 37
1270 36
1271 37
1272 42
1273 37
1274 37
1275 37
1276 43
1277 37
1278 37
1279 37
1280 40
1281 37
1282 36
1283 36
1284 41
1285 37
1286 38
1287 36
1288 45
1289 37
1290 38
1291 40
1292 38
1293 38
1294 38
1295 41
1296 39
1297 37
1298 37
1299 40
1300 39
1301 38
1302 39
1303 38
1304 37
1305 36
1306 41
1307 39
1308 37
1309 38
1310 42
1311 39
1312 38
1313 41
1314 38
1315 38
1316 37
1317 41
1318 42
1319 38
1320 40
1321 37
1322 38
1323 37
1324 40
1325 39
1326 39
1327 42
1328 38
1329 39
1330 39
1331 42
1332 39
1333 38
1334 38
1335 42
1336 39
1337 38
1338 39
1339 40
1340 38
1341 40
1342 39
1343 38
1344 39
1345 41
1346 38
1347 38
1348 39
1349 41
1350 39
1351 37
1352 42
1353 39
1354 40
1355 41
1356 38
1357 38
1358 40
1359 40
1360 39
1361 41
1362 39
1363 39
1364 41
1365 43
1366 41
1367 42
1368 40
1369 39
1370 42
1371 39
1372 39
1373 40
1374 41
1375 39
1376 43
1377 43
1378 39
1379 43
1380 40
1381 39
1382 41
1383 39
1384 39
1385 40
1386 40
1387 39
1388 41
1389 44
1390 39
1391 43
1392 41
1393 40
1394 42
1395 40
1396 39
1397 43
1398 40
1399 39
1400 44
1401 41
1402 40
1403 42
1404 40
1405 39
1406 43
1407 39
1408 39
1409 43
1410 40
1411 40
1412 43
1413 41
1414 44
1415 43
1416 41
1417 40
1418 42
1419 41
1420 39
1421 44
1422 40
1423 40
1424 46
1425 39
1426 41
1427 44
1428 40
1429 40
1430 44
1431 41
1432 40
1433 43
1434 41
1435 40
1436 44
1437 44
1438 40
1439 44
1440 41
1441 40
1442 44
1443 41
1444 40
1445 44
1446 41
1447 40
1448 44
1449 43
1450 41
1451 45
1452 42
1453 41
1454 44
1455 41
1456 40
1457 44
1458 42
1459 40
1460 44
1461 44
1462 40
1463 46
1464 41
1465 41
1466 46
1467 41
1468 40
1469 44
1470 40
1471 42
1472 45
1473 41
1474 40
1475 44
1476 41
1477 40
1478 45
1479 41
1480 44
1481 43
1482 42
1483 44
1484 48
1485 45
1486 43
1487 41
1488 45
1489 40
1490 40
1491 46
1492 41
1493 41
1494 45
1495 41
1496 42
1497 45
1498 42
1499 41
1500 45
1501 42
1502 41
1503 44
1504 42
1505 41
1506 45
1507 42
1508 45
1509 46
1510 41
1511 42
1512 41
1513 46
1514 43
1515 41
1516 45
1517 44
1518 42
1519 42
1520 41
1521 46
1522 44
1523 42
1524 44
1525 42
1526 42
1527 43
1528 46
1529 42
1530 42
1531 50
1532 42
1533 42
1534 46
1535 43
1536 41
1537 46
1538 44
1539 43
1540 44
1541 42
1542 44
1543 42
1544 43
1545 42
1546 45
1547 43
1548 46
1549 44
1550 42
1551 42
1552 43
1553 45
1554 49
1555 46
1556 43
1557 41
1558 46
1559 44
1560 42
1561 44
1562 45
1563 44
1564 42
1565 44
1566 42
1567 43
1568 42
1569 47
1570 44
1571 43
1572 43
1573 42
1574 46
1575 44
1576 44
1577 49
1578 47
1579 45
1580 43
1581 43
1582 42
1583 46
1584 48
1585 46
1586 45
1587 43
1588 43
1589 42
1590 47
1591 45
1592 42
1593 43
1594 43
1595 44
1596 43
1597 45
1598 44
1599 45
1600 45
1601 44
1602 44
1603 44
1604 43
1605 45
1606 46
1607 45
1608 43
1609 42
1610 44
1611 44
1612 43
1613 44
1614 44
1615 46
1616 45
1617 44
1618 44
1619 45
1620 43
1621 48
1622 72
1623 73
1624 49
1625 49
1626 44
1627 50
1628 44
1629 44
1630 46
1631 45
1632 43
1633 45
1634 45
1635 43
1636 45
1637 44
1638 45
1639 44
1640 45
1641 46
1642 44
1643 43
1644 47
1645 45
1646 44
1647 45
1648 46
1649 48
1650 45
1651 46
1652 45
1653 44
1654 45
1655 45
1656 44
1657 45
1658 47
1659 47
1660 46
1661 45
1662 45
1663 49
1664 46
1665 45
1666 49
1667 48
1668 45
1669 45
1670 46
1671 47
1672 46
1673 44
1674 46
1675 45
1676 45
1677 46
1678 46
1679 45
1680 46
1681 46
1682 46
1683 45
1684 47
1685 46
1686 45
1687 46
1688 51
1689 47
1690 48
1691 48
1692 47
1693 46
1694 46
1695 45
1696 46
1697 45
1698 45
1699 45
1700 47
1701 47
1702 46
1703 45
1704 45
1705 46
1706 46
1707 46
1708 47
1709 50
1710 47
1711 47
1712 46
1713 49
1714 45
1715 47
1716 45
1717 46
1718 47
1719 45
1720 46
1721 45
1722 47
1723 47
1724 46
1725 48
1726 47
1727 47
1728 46
1729 46
1730 48
1731 50
1732 47
1733 47
1734 48
1735 49
1736 47
1737 47
1738 47
1739 50
1740 46
1741 46
1742 48
1743 48
1744 47
1745 48
1746 49
1747 51
1748 47
1749 48
1750 46
1751 49
1752 47
1753 53
1754 49
1755 49
1756 48
1757 49
1758 46
1759 46
1760 47
1761 46
1762 47
1763 48
1764 47
1765 48
1766 47
1767 50
1768 47
1769 49
1770 47
1771 46
1772 47
1773 48
1774 52
1775 52
1776 48
1777 51
1778 47
1779 52
1780 48
1781 48
1782 47
1783 49
1784 48
1785 50
1786 47
1787 49
1788 48
1789 49
1790 47
1791 48
1792 47
1793 49
1794 52
1795 53
1796 46
1797 49
1798 48
1799 49
1800 47
1801 47
1802 49
1803 51
1804 48
1805 51
1806 48
1807 48
1808 48
1809 49
1810 48
1811 50
1812 49
1813 51
1814 47
1815 54
1816 48
1817 50
1818 48
1819 50
1820 50
1821 51
1822 48
1823 51
1824 48
1825 51
1826 48
1827 50
1828 49
1829 51
1830 49
1831 51
1832 48
1833 50
1834 48
1835 52
1836 54
1837 53
1838 48
1839 50
1840 49
1841 52
1842 49
1843 51
1844 51
1845 52
1846 48
1847 50
1848 49
1849 51
1850 49
1851 48
1852 51
1853 49
1854 52
1855 51
1856 57
1857 48
1858 52
1859 49
1860 51
1861 51
1862 53
1863 50
1864 52
1865 50
1866 52
1867 52
1868 52
1869 49
1870 53
1871 50
1872 53
1873 51
1874 53
1875 52
1876 52
1877 49
1878 52
1879 50
1880 52
1881 50
1882 53
1883 49
1884 54
1885 49
1886 51
1887 52
1888 49
1889 52
1890 49
1891 53
1892 50
1893 55
1894 49
1895 56
1896 50
1897 53
1898 50
1899 53
1900 50
1901 53
1902 49
1903 52
1904 51
1905 55
1906 51
1907 54
1908 49
1909 51
1910 53
1911 49
1912 57
1913 50
1914 53
1915 53
1916 52
1917 50
1918 54
1919 50
1920 54
1921 51
1922 53
1923 49
1924 54
1925 52
1926 54
1927 50
1928 53
1929 50
1930 53
1931 51
1932 50
1933 53
1934 51
1935 56
1936 51
1937 53
1938 52
1939 54
1940 50
1941 54
1942 50
1943 55
1944 50
1945 54
1946 51
1947 54
1948 51
1949 54
1950 52
1951 54
1952 50
1953 54
1954 55
1955 54
1956 50
1957 54
1958 51
1959 53
1960 51
1961 54
1962 51
1963 54
1964 51
1965 54
1966 52
1967 54
1968 53
1969 54
1970 52
1971 55
1972 51
1973 60
1974 51
1975 54
1976 53
1977 55
1978 54
1979 54
1980 52
1981 54
1982 52
1983 55
1984 54
1985 55
1986 53
1987 54
1988 52
1989 56
1990 52
1991 58
1992 51
1993 54
1994 52
1995 54
1996 52
1997 55
1998 51
1999 53
2000 55
2001 52
2002 54
2003 52
2004 55
2005 53
2006 55
2007 54
2008 56
2009 52
2010 55
2011 55
2012 52
2013 55
2014 51
2015 55
2016 53
2017 56
2018 76
2019 83
2020 55
2021 52
2022 58
2023 53
2024 56
2025 53
2026 55
2027 53
2028 58
2029 52
2030 55
2031 52
2032 55
2033 55
2034 56
2035 53
2036 56
2037 53
2038 56
2039 53
2040 58
2041 56
2042 56
2043 54
2044 56
2045 54
2046 56
2047 58
2048 54
2049 56
2050 54
2051 57
2052 58
2053 55
2054 56
2055 53
2056 56
2057 53
2058 60
2059 55
2060 56
2061 54
2062 56
2063 56
2064 53
2065 60
2066 57
2067 54
2068 57
2069 56
2070 55
2071 57
2072 54
2073 57
2074 53
2075 57
2076 56
2077 56
2078 55
2079 57
2080 53
2081 56
2082 59
2083 54
2084 57
2085 54
2086 57
2087 55
2088 57
2089 56
2090 53
2091 57
2092 55
2093 60
2094 55
2095 57
2096 54
2097 57
2098 54
2099 58
2100 58
2101 53
2102 57
2103 55
2104 57
2105 59
2106 54
2107 58
2108 55
2109 58
2110 57
2111 57
2112 55
2113 57
2114 54
2115 58
2116 57
2117 56
2118 61
2119 56
2120 58
2121 55
2122 61
2123 57
2124 57
2125 56
2126 57
2127 56
2128 60
2129 55
2130 58
2131 55
2132 58
2133 55
2134 58
2135 56
2136 61
2137 56
2138 54
2139 59
2140 55
2141 58
2142 58
2143 56
2144 56
2145 55
2146 60
2147 56
2148 56
2149 59
2150 56
2151 56
2152 58
2153 57
2154 60
2155 56
2156 55
2157 60
2158 59
2159 55
2160 58
2161 56
2162 59
2163 59
2164 56
2165 58
2166 60
2167 56
2168 59
2169 57
2170 56
2171 55
2172 62
2173 57
2174 58
2175 56
2176 56
2177 56
2178 56
2179 60
2180 58
2181 58
2182 57
2183 59
2184 57
2185 57
2186 56
2187 60
2188 58
2189 56
2190 59
2191 58
2192 58
2193 57
2194 57
2195 57
2196 58
2197 59
2198 60
2199 55
2200 58
2201 57
2202 57
2203 56
2204 56
2205 59
2206 56
2207 56
2208 62
2209 56
2210 58
2211 59
2212 58
2213 58
2214 58
2215 57
2216 56
2217 56
2218 56
2219 58
2220 59
2221 56
2222 58
2223 57
2224 57
2225 59
2226 60
2227 58
2228 57
2229 56
2230 57
2231 57
2232 58
2233 57
2234 58
2235 58
2236 57
2237 57
2238 58
2239 58
2240 59
2241 58
2242 59
2243 61
2244 59
2245 57
2246 56
2247 58
2248 58
2249 60
2250 59
2251 58
2252 58
2253 58
2254 58
2255 57
2256 58
2257 56
2258 58
2259 61
2260 59
2261 57
2262 62
2263 59
2264 58
2265 60
2266 59
2267 58
2268 58
2269 58
2270 58
2271 58
2272 57
2273 58
2274 58
2275 58
2276 60
2277 59
2278 60
2279 61
2280 58
2281 59
2282 60
2283 60
2284 58
2285 58
2286 58
2287 58
2288 59
2289 59
2290 58
2291 59
2292 57
2293 59
2294 59
2295 64
2296 59
2297 59
2298 58
2299 59
2300 60
2301 58
2302 59
2303 58
2304 58
2305 59
2306 60
2307 59
2308 59
2309 59
2310 59
2311 59
2312 64
2313 59
2314 59
2315 62
2316 60
2317 60
2318 59
2319 58
2320 59
2321 59
2322 59
2323 59
2324 60
2325 59
2326 59
2327 59
2328 59
2329 62
2330 59
2331 60
2332 61
2333 60
2334 59
2335 60
2336 61
2337 61
2338 61
2339 60
2340 60
2341 60
2342 58
2343 63
2344 59
2345 59
2346 65
2347 61
2348 60
2349 63
2350 60
2351 59
2352 59
2353 60
2354 59
2355 59
2356 59
2357 60
2358 60
2359 62
2360 77
2361 114
2362 63
2363 63
2364 62
2365 60
2366 61
2367 61
2368 61
2369 59
2370 59
2371 60
2372 60
2373 60
2374 65
2375 60
2376 60
2377 61
2378 60
2379 59
2380 63
2381 61
2382 60
2383 61
2384 60
2385 60
2386 61
2387 62
2388 60
2389 62
2390 60
2391 60
2392 60
2393 61
2394 62
2395 61
2396 62
2397 65
2398 60
2399 61
2400 61
2401 60
2402 61
2403 62
2404 60
2405 61
2406 64
2407 61
2408 62
2409 61
2410 60
2411 61
2412 63
2413 60
2414 64
2415 61
2416 62
2417 61
2418 61
2419 60
2420 60
2421 61
2422 63
2423 61
2424 65
2425 61
2426 62
2427 63
2428 62
2429 63
2430 62
2431 63
2432 61
2433 63
2434 61
2435 62
2436 60
2437 61
2438 62
2439 63
2440 61
2441 61
2442 61
2443 61
2444 64
2445 65
2446 66
2447 61
2448 62
2449 62
2450 62
2451 63
2452 63
2453 63
2454 65
2455 62
2456 62
2457 62
2458 62
2459 62
2460 65
2461 63
2462 65
2463 63
2464 62
2465 61
2466 63
2467 62
2468 63
2469 62
2470 62
2471 61
2472 63
2473 62
2474 64
2475 62
2476 63
2477 62
2478 64
2479 63
2480 63
2481 61
2482 62
2483 62
2484 63
2485 63
2486 63
2487 62
2488 63
2489 62
2490 62
2491 65
2492 62
2493 64
2494 65
2495 62
2496 62
2497 62
2498 63
2499 63
2500 63
2501 65
2502 62
2503 63
2504 63
2505 63
2506 64
2507 63
2508 63
2509 63
2510 66
2511 62
2512 63
2513 64
2514 64
2515 63
2516 64
2517 63
2518 63
2519 63
2520 64
2521 64
2522 65
2523 62
2524 65
2525 64
2526 69
2527 62
2528 63
2529 63
2530 64
2531 64
2532 64
2533 65
2534 63
2535 64
2536 64
2537 64
2538 64
2539 65
2540 63
2541 63
2542 70
2543 65
2544 64
2545 65
2546 64
2547 64
2548 65
2549 65
2550 64
2551 63
2552 64
2553 65
2554 64
2555 64
2556 64
2557 63
2558 68
2559 64
2560 64
2561 63
2562 63
2563 64
2564 64
2565 64
2566 64
2567 66
2568 67
2569 64
2570 64
2571 65
2572 66
2573 65
2574 66
2575 66
2576 65
2577 65
2578 68
2579 65
2580 64
2581 65
2582 64
2583 65
2584 66
2585 65
2586 64
2587 66
2588 65
2589 65
2590 67
2591 64
2592 65
2593 66
2594 64
2595 64
2596 65
2597 66
2598 65
2599 64
2600 64
2601 65
2602 64
2603 65
2604 64
2605 65
2606 68
2607 65
2608 68
2609 65
2610 66
2611 66
2612 65
2613 65
2614 67
2615 65
2616 64
2617 64
2618 65
2619 66
2620 66
2621 70
2622 65
2623 66
2624 65
2625 66
2626 65
2627 65
2628 65
2629 68
2630 65
2631 65
2632 67
2633 65
2634 67
2635 66
2636 67
2637 68
2638 66
2639 66
2640 65
2641 65
2642 67
2643 65
2644 67
2645 65
2646 66
2647 66
2648 66
2649 66
2650 65
2651 66
2652 68
2653 66
2654 65
2655 67
2656 67
2657 67
2658 66
2659 67
2660 66
2661 66
2662 65
2663 67
2664 65
2665 66
2666 66
2667 68
2668 66
2669 94
2670 94
2671 66
2672 67
2673 68
2674 67
2675 66
2676 66
2677 66
2678 66
2679 67
2680 67
2681 71
2682 67
2683 67
2684 66
2685 68
2686 66
2687 67
2688 69
2689 67
2690 66
2691 67
2692 66
2693 68
2694 67
2695 67
2696 67
2697 73
2698 67
2699 66
2700 66
2701 67
2702 68
2703 67
2704 67
2705 66
2706 68
2707 67
2708 68
2709 68
2710 67
2711 68
2712 71
2713 67
2714 66
2715 67
2716 67
2717 70
2718 69
2719 68
2720 67
2721 68
2722 67
2723 67
2724 67
2725 68
2726 70
2727 75
2728 68
2729 66
2730 67
2731 68
2732 67
2733 67
2734 67
2735 68
2736 68
2737 68
2738 67
2739 68
2740 68
2741 69
2742 69
2743 68
2744 68
2745 69
2746 70
2747 68
2748 69
2749 68
2750 68
2751 70
2752 70
2753 69
2754 71
2755 68
2756 67
2757 70
2758 68
2759 68
2760 69
2761 67
2762 69
2763 70
2764 68
2765 68
2766 68
2767 68
2768 68
2769 69
2770 67
2771 69
2772 72
2773 69
2774 70
2775 70
2776 68
2777 70
2778 70
2779 69
2780 69
2781 68
2782 69
2783 69
2784 71
2785 70
2786 69
2787 73
2788 68
2789 70
2790 69
2791 69
2792 68
2793 69
2794 69
2795 69
2796 68
2797 69
2798 73
2799 68
2800 71
2801 69
2802 74
2803 71
2804 68
2805 70
2806 70
2807 68
2808 70
2809 72
2810 69
2811 70
2812 71
2813 71
2814 70
2815 72
2816 71
2817 74
2818 69
2819 69
2820 71
2821 70
2822 70
2823 69
2824 68
2825 71
2826 71
2827 69
2828 69
2829 71
2830 72
2831 77
2832 71
2833 69
2834 71
2835 69
2836 69
2837 70
2838 69
2839 70
2840 75
2841 69
2842 69
2843 70
2844 72
2845 72
2846 74
2847 71
2848 71
2849 69
2850 69
2851 70
2852 70
2853 72
2854 72
2855 71
2856 70
2857 73
2858 70
2859 73
2860 73
2861 70
2862 69
2863 70
2864 71
2865 72
2866 69
2867 71
2868 73
2869 72
2870 70
2871 70
2872 72
2873 72
2874 74
2875 70
2876 70
2877 70
2878 70
2879 70
2880 70
2881 72
2882 72
2883 70
2884 71
2885 71
2886 72
2887 71
2888 75
2889 70
2890 72
2891 70
2892 72
2893 70
2894 71
2895 71
2896 73
2897 72
2898 71
2899 73
2900 71
2901 74
2902 76
2903 71
2904 72
2905 71
2906 71
2907 74
2908 71
2909 73
2910 72
2911 72
2912 73
2913 73
2914 74
2915 72
2916 74
2917 70
2918 72
2919 71
2920 73
2921 71
2922 72
2923 72
2924 72
2925 73
2926 72
2927 71
2928 73
2929 72
2930 73
2931 71
2932 72
2933 72
2934 71
2935 72
2936 72
2937 75
2938 73
2939 72
2940 72
2941 72
2942 74
2943 72
2944 74
2945 71
2946 73
2947 72
2948 72
2949 73
2950 72
2951 109
2952 97
2953 73
2954 74
2955 72
2956 72
2957 77
2958 73
2959 73
2960 73
2961 72
2962 73
2963 74
2964 74
2965 72
2966 73
2967 71
2968 76
2969 73
2970 72
2971 74
2972 73
2973 73
2974 73
2975 73
2976 73
2977 74
2978 74
2979 74
2980 72
2981 72
2982 74
2983 73
2984 74
2985 75
2986 73
2987 73
2988 74
2989 74
2990 75
2991 75
2992 76
2993 72
2994 74
2995 74
2996 73
2997 74
2998 73
2999 78
3000 73
3001 73
3002 74
3003 74
3004 74
3005 74
3006 73
3007 74
3008 75
3009 75
3010 74
3011 75
3012 73
3013 79
3014 75
3015 73
3016 73
3017 75
3018 76
3019 74
3020 73
3021 77
3022 75
3023 75
3024 73
3025 75
3026 79
3027 74
3028 74
3029 74
3030 78
3031 76
3032 73
3033 74
3034 74
3035 75
3036 76
3037 75
3038 74
3039 75
3040 80
3041 75
3042 74
3043 76
3044 76
3045 74
3046 73
3047 74
3048 74
3049 73
3050 73
3051 76
3052 77
3053 75
3054 76
3055 74
3056 77
3057 75
3058 75
3059 74
3060 75
3061 74
3062 74
3063 75
3064 75
3065 75
3066 74
3067 75
3068 79
3069 75
3070 74
3071 75
3072 75
3073 75
3074 75
3075 75
3076 75
3077 74
3078 75
3079 74
3080 76
3081 76
3082 81
3083 78
3084 75
3085 74
3086 76
3087 79
3088 76
3089 76
3090 76
3091 76
3092 79
3093 75
3094 76
3095 75
3096 78
3097 75
3098 76
3099 75
3100 77
3101 77
3102 79
3103 77
3104 77
3105 77
3106 77
3107 78
3108 78
3109 81
3110 76
3111 77
3112 76
3113 78
3114 78
3115 77
3116 77
3117 78
3118 78
3119 77
3120 77
3121 79
3122 84
3123 78
3124 81
3125 78
3126 78
3127 78
3128 79
3129 78
3130 78
3131 78
3132 77
3133 79
3134 79
3135 81
3136 79
3137 78
3138 79
3139 77
3140 78
3141 79
3142 77
3143 78
3144 78
3145 79
3146 82
3147 80
3148 82
3149 77
3150 79
3151 79
3152 77
3153 79
3154 78
3155 77
3156 78
3157 78
3158 79
3159 79
3160 79
3161 82
3162 80
3163 81
3164 78
3165 79
3166 79
3167 79
3168 81
3169 78
3170 78
3171 80
3172 80
3173 78
3174 82
3175 80
3176 80
3177 80
3178 79
3179 78
3180 80
3181 80
3182 81
3183 80
3184 80
3185 81
3186 84
3187 79
3188 80
3189 80
3190 79
3191 81
3192 79
3193 81
3194 79
3195 78
3196 80
3197 79
3198 82
3199 85
3200 81
3201 79
3202 81
3203 80
3204 81
3205 82
3206 79
3207 79
3208 80
3209 103
3210 105
3211 81
3212 83
3213 78
3214 77
3215 78
3216 79
3217 78
3218 78
3219 78
3220 79
3221 79
3222 79
3223 79
3224 78
3225 83
3226 77
3227 78
3228 77
3229 79
3230 78
3231 78
3232 79
3233 82
3234 78
3235 79
3236 79
3237 82
3238 81
3239 78
3240 80
3241 79
3242 79
3243 78
3244 79
3245 79
3246 80
3247 78
3248 80
3249 80
3250 79
3251 83
3252 78
3253 78
3254 79
3255 80
3256 80
3257 80
3258 82
3259 83
3260 81
3261 79
3262 81
3263 84
3264 78
3265 82
3266 79
3267 79
3268 79
3269 79
3270 81
3271 80
3272 80
3273 81
3274 83
3275 80
3276 84
3277 79
3278 80
3279 81
3280 81
3281 82
3282 81
3283 81
3284 79
3285 80
3286 81
3287 80
3288 80
3289 82
3290 78
3291 79
3292 79
3293 79
3294 82
3295 81
3296 83
3297 81
3298 81
3299 81
3300 79
3301 81
3302 85
3303 82
3304 81
3305 81
3306 81
3307 83
3308 81
3309 80
3310 80
3311 82
3312 79
3313 81
3314 80
3315 85
3316 80
3317 82
3318 82
3319 80
3320 80
3321 81
3322 80
3323 84
3324 80
3325 80
3326 80
3327 81
3328 82
3329 80
3330 80
3331 84
3332 81
3333 79
3334 82
3335 84
3336 83
3337 82
3338 81
3339 82
3340 84
3341 85
3342 81
3343 81
3344 82
3345 80
3346 82
3347 84
3348 80
3349 81
3350 81
3351 80
3352 82
3353 83
3354 88
3355 82
3356 82
3357 81
3358 81
3359 83
3360 82
3361 82
3362 83
3363 81
3364 82
3365 82
3366 83
3367 88
3368 82
3369 84
3370 82
3371 83
3372 82
3373 82
3374 82
3375 82
3376 81
3377 81
3378 81
3379 86
3380 86
3381 82
3382 83
3383 85
3384 83
3385 81
3386 82
3387 81
3388 80
3389 81
3390 81
3391 83
3392 82
3393 86
3394 83
3395 81
3396 83
3397 83
3398 84
3399 84
3400 82
3401 82
3402 83
3403 83
3404 83
3405 84
3406 86
3407 83
3408 81
3409 84
3410 83
3411 83
3412 85
3413 83
3414 81
3415 82
3416 83
3417 82
3418 84
3419 83
3420 84
3421 82
3422 83
3423 83
3424 84
3425 85
3426 84
3427 83
3428 81
3429 83
3430 87
3431 86
3432 83
3433 80
3434 81
3435 84
3436 83
3437 84
3438 83
3439 84
3440 85
3441 82
3442 85
3443 88
3444 84
3445 83
3446 83
3447 83
3448 82
3449 84
3450 82
3451 130
3452 89
3453 87
3454 84
3455 82
3456 83
3457 84
3458 83
3459 82
3460 84
3461 82
3462 86
3463 84
3464 83
3465 84
3466 88
3467 82
3468 84
3469 83
3470 84
3471 84
3472 84
3473 84
3474 84
3475 84
3476 84
3477 85
3478 88
3479 84
3480 84
3481 83
3482 82
3483 84
3484 85
3485 84
3486 85
3487 85
3488 85
3489 86
3490 90
3491 86
3492 84
3493 83
3494 84
3495 84
3496 85
3497 84
3498 85
3499 87
3500 85
3501 86
3502 91
3503 86
3504 84
3505 84
3506 85
3507 84
3508 84
3509 85
3510 85
3511 85
3512 84
3513 87
3514 87
3515 84
3516 86
3517 84
3518 86
3519 86
3520 85
3521 85
3522 84
3523 85
3524 86
3525 86
3526 89
3527 84
3528 85
3529 84
3530 85
3531 84
3532 84
3533 84
3534 86
3535 85
3536 86
3537 85
3538 86
3539 86
3540 86
3541 85
3542 85
3543 87
3544 85
3545 86
3546 86
3547 85
3548 86
3549 91
3550 87
3551 87
3552 86
3553 86
3554 85
3555 87
3556 86
3557 85
3558 88
3559 87
3560 87
3561 91
3562 84
3563 87
3564 86
3565 87
3566 87
3567 85
3568 86
3569 86
3570 87
3571 85
3572 85
3573 91
3574 86
3575 88
3576 86
3577 86
3578 87
3579 86
3580 89
3581 89
3582 87
3583 85
3584 86
3585 92
3586 86
3587 88
3588 86
3589 90
3590 87
3591 85
3592 86
3593 86
3594 86
3595 86
3596 88
3597 90
3598 86
3599 89
3600 88
3601 86
3602 88
3603 87
3604 88
3605 88
3606 87
3607 86
3608 87
3609 92
3610 86
3611 87
3612 90
3613 87
3614 88
3615 87
3616 88
3617 89
3618 86
3619 87
3620 88
3621 90
3622 87
3623 88
3624 86
3625 87
3626 88
3627 89
3628 87
3629 87
3630 87
3631 88
3632 88
3633 92
3634 88
3635 89
3636 87
3637 90
3638 90
3639 86
3640 88
3641 88
3642 88
3643 88
3644 87
3645 94
3646 86
3647 89
3648 87
3649 92
3650 88
3651 88
3652 87
3653 88
3654 88
3655 87
3656 88
3657 92
3658 89
3659 88
3660 88
3661 89
3662 87
3663 88
3664 87
3665 87
3666 88
3667 90
3668 94
3669 95
3670 88
3671 88
3672 89
3673 89
3674 89
3675 88
3676 88
3677 87
3678 90
3679 108
3680 126
3681 89
3682 92
3683 88
3684 89
3685 86
3686 89
3687 89
3688 88
3689 91
3690 87
3691 90
3692 89
3693 91
3694 89
3695 89
3696 90
3697 88
3698 91
3699 89
3700 92
3701 89
3702 89
3703 94
3704 89
3705 90
3706 90
3707 88
3708 90
3709 88
3710 89
3711 91
3712 89
3713 89
3714 89
3715 95
3716 88
3717 89
3718 89
3719 89
3720 89
3721 88
3722 90
3723 92
3724 89
3725 89
3726 92
3727 95
3728 91
3729 89
3730 89
3731 89
3732 90
3733 92
3734 90
3735 90
3736 91
3737 91
3738 89
3739 94
3740 90
3741 90
3742 90
3743 89
3744 92
3745 91
3746 90
3747 90
3748 94
3749 91
3750 94
3751 89
3752 90
3753 90
3754 91
3755 96
3756 90
3757 91
3758 90
3759 95
3760 91
3761 94
3762 89
3763 92
3764 92
3765 90
3766 91
3767 91
3768 90
3769 90
3770 93
3771 94
3772 95
3773 90
3774 92
3775 91
3776 90
3777 94
3778 92
3779 92
3780 90
3781 95
3782 92
3783 93
3784 92
3785 92
3786 90
3787 90
3788 90
3789 92
3790 89
3791 92
3792 93
3793 91
3794 94
3795 94
3796 92
3797 91
3798 92
3799 91
3800 92
3801 92
3802 93
3803 90
3804 92
3805 94
3806 89
3807 91
3808 94
3809 96
3810 94
3811 92
3812 91
3813 96
3814 91
3815 91
3816 96
3817 91
3818 91
3819 92
3820 94
3821 90
3822 92
3823 92
3824 94
3825 90
3826 92
3827 93
3828 92
3829 92
3830 93
3831 92
3832 92
3833 91
3834 94
3835 91
3836 90
3837 94
3838 93
3839 94
3840 94
3841 98
3842 90
3843 92
3844 92
3845 96
3846 93
3847 92
3848 96
3849 93
3850 93
3851 91
3852 92
3853 93
3854 92
3855 93
3856 95
3857 93
3858 95
3859 95
3860 91
3861 91
3862 93
3863 92
3864 91
3865 91
3866 92
3867 92
3868 91
3869 93
3870 93
3871 95
3872 92
3873 96
3874 92
3875 92
3876 92
3877 95
3878 93
3879 93
3880 94
3881 97
3882 94
3883 92
3884 93
3885 95
3886 95
3887 93
3888 94
3889 93
3890 93
3891 93
3892 98
3893 93
3894 95
3895 133
3896 108
3897 95
3898 95
3899 93
3900 95
3901 94
3902 95
3903 100
3904 96
3905 94
3906 92
3907 95
3908 97
3909 93
3910 96
3911 93
3912 95
3913 98
3914 94
3915 95
3916 92
3917 92
3918 94
3919 94
3920 94
3921 94
3922 93
3923 94
3924 97
3925 94
3926 93
3927 98
3928 98
3929 97
3930 94
3931 93
3932 94
3933 94
3934 94
3935 96
3936 95
3937 94
3938 93
3939 94
3940 96
3941 94
3942 96
3943 97
3944 97
3945 94
3946 98
3947 94
3948 94
3949 97
3950 96
3951 93
3952 96
3953 96
3954 96
3955 95
3956 97
3957 102
3958 93
3959 94
3960 95
3961 93
3962 94
3963 95
3964 95
3965 95
3966 96
3967 97
3968 97
3969 96
3970 95
3971 95
3972 95
3973 94
3974 94
3975 95
3976 96
3977 96
3978 95
3979 98
3980 95
3981 97
3982 94
3983 93
3984 94
3985 96
3986 96
3987 96
3988 95
3989 98
3990 97
3991 98
3992 95
3993 96
3994 94
3995 96
3996 94
3997 95
3998 96
3999 95
4000 96
4001 101
4002 102
4003 95
4004 95
4005 96
4006 95
4007 97
4008 96
4009 95
4010 95
4011 96
4012 99
4013 96
4014 94
4015 97
4016 95
4017 96
4018 97
4019 97
4020 96
4021 97
4022 98
4023 98
4024 97
4025 95
4026 97
4027 95
4028 97
4029 97
4030 95
4031 96
4032 98
4033 98
4034 97
4035 96
4036 97
4037 96
4038 97
4039 95
4040 97
4041 98
4042 95
4043 98
4044 97
4045 98
4046 98
4047 97
4048 96
4049 96
4050 96
4051 95
4052 97
4053 100
4054 95
4055 96
4056 99
4057 96
4058 97
4059 96
4060 98
4061 98
4062 97
4063 100
4064 97
4065 96
4066 97
4067 102
4068 97
4069 99
4070 97
4071 97
4072 96
4073 100
4074 97
4075 99
4076 98
4077 97
4078 101
4079 97
4080 99
4081 98
4082 97
4083 99
4084 98
4085 100
4086 99
4087 100
4088 99
4089 103
4090 97
4091 97
4092 97
4093 101
4094 97
4095 96
4096 96
4097 100
4098 99
4099 97
4100 108
4101 145
4102 96
4103 99
4104 97
4105 100
4106 97
4107 97
4108 99
4109 102
4110 103
4111 101
4112 99
4113 104
4114 99
4115 100
4116 100
4117 104
4118 99
4119 101
4120 101
4121 104
4122 99
4123 102
4124 98
4125 100
4126 100
4127 99
4128 97
4129 100
4130 99
4131 102
4132 98
4133 103
4134 98
4135 100
4136 100
4137 102
4138 99
4139 99
4140 101
4141 102
4142 101
4143 101
4144 100
4145 99
4146 101
4147 101
4148 101
4149 105
4150 100
4151 104
4152 105
4153 102
4154 101
4155 101
4156 100
4157 102
4158 100
4159 101
4160 105
4161 100
4162 103
4163 103
4164 102
4165 100
4166 102
4167 102
4168 104
4169 101
4170 104
4171 100
4172 103
4173 100
4174 100
4175 101
4176 102
4177 101
4178 104
4179 101
4180 103
4181 103
4182 103
4183 99
4184 98
4185 99
4186 101
4187 99
4188 102
4189 100
4190 100
4191 107
4192 99
4193 99
4194 102
4195 99
4196 100
4197 99
4198 98
4199 100
4200 100
4201 103
4202 100
4203 101
4204 99
4205 100
4206 99
4207 100
4208 101
4209 102
4210 100
4211 105
4212 101
4213 99
4214 102
4215 99
4216 101
4217 103
4218 101
4219 100
4220 101
4221 104
4222 98
4223 101
4224 103
4225 99
4226 100
4227 101
4228 98
4229 102
4230 103
4231 105
4232 102
4233 100
4234 100
4235 101
4236 103
4237 101
4238 101
4239 102
4240 101
4241 105
4242 100
4243 101
4244 100
4245 102
4246 103
4247 109
4248 100
4249 100
4250 106
4251 101
4252 100
4253 101
4254 101
4255 100
4256 99
4257 103
4258 101
4259 102
4260 107
4261 101
4262 100
4263 101
4264 102
4265 104
4266 102
4267 100
4268 103
4269 102
4270 106
4271 101
4272 102
4273 101
4274 100
4275 103
4276 103
4277 100
4278 101
4279 102
4280 104
4281 103
4282 102
4283 101
4284 102
4285 104
4286 104
4287 101
4288 103
4289 105
4290 106
4291 102
4292 103
4293 101
4294 104
4295 102
4296 148
4297 104
4298 105
4299 102
4300 104
4301 103
4302 101
4303 101
4304 107
4305 104
4306 107
4307 104
4308 102
4309 102
4310 104
4311 103
4312 103
4313 101
4314 101
4315 102
4316 104
4317 106
4318 103
4319 102
4320 110
4321 100
4322 103
4323 102
4324 102
4325 105
4326 102
4327 107
4328 104
4329 102
4330 105
4331 102
4332 103
4333 105
4334 102
4335 103
4336 102
4337 103
4338 103
4339 103
4340 105
4341 101
4342 102
4343 103
4344 104
4345 105
4346 107
4347 103
4348 105
4349 102
4350 106
4351 103
4352 104
4353 102
4354 103
4355 104
4356 107
4357 102
4358 103
4359 105
4360 109
4361 104
4362 106
4363 105
4364 104
4365 109
4366 103
4367 104
4368 106
4369 104
4370 105
4371 104
4372 106
4373 104
4374 104
4375 106
4376 103
4377 102
4378 105
4379 104
4380 111
4381 104
4382 106
4383 103
4384 105
4385 105
4386 104
4387 104
4388 105
4389 103
4390 110
4391 107
4392 105
4393 105
4394 103
4395 104
4396 105
4397 105
4398 104
4399 106
4400 107
4401 104
4402 105
4403 107
4404 103
4405 106
4406 104
4407 104
4408 105
4409 106
4410 109
4411 104
4412 110
4413 103
4414 105
4415 104
4416 105
4417 104
4418 107
4419 106
4420 111
4421 103
4422 104
4423 103
4424 107
4425 110
4426 105
4427 107
4428 111
4429 108
4430 110
4431 108
4432 105
4433 106
4434 105
4435 106
4436 105
4437 106
4438 109
4439 104
4440 112
4441 104
4442 106
4443 105
4444 109
4445 106
4446 112
4447 107
4448 103
4449 109
4450 110
4451 106
4452 109
4453 107
4454 106
4455 107
4456 105
4457 105
4458 107
4459 107
4460 106
4461 104
4462 104
4463 107
4464 107
4465 106
4466 106
4467 106
4468 109
4469 106
4470 112
4471 106
4472 107
4473 106
4474 107
4475 108
4476 106
4477 108
4478 105
4479 104
4480 109
4481 107
4482 105
4483 109
4484 151
4485 106
4486 111
4487 107
4488 110
4489 112
4490 108
4491 107
4492 114
4493 108
4494 109
4495 111
4496 108
4497 105
4498 105
4499 108
4500 105
4501 106
4502 108
4503 108
4504 106
4505 108
4506 106
4507 108
4508 109
4509 112
4510 105
4511 107
4512 106
4513 105
4514 109
4515 107
4516 109
4517 107
4518 106
4519 109
4520 110
4521 109
4522 106
4523 109
4524 106
4525 106
4526 107
4527 106
4528 109
4529 116
4530 109
4531 108
4532 110
4533 106
4534 106
4535 106
4536 109
4537 108
4538 108
4539 111
4540 110
4541 112
4542 107
4543 106
4544 106
4545 109
4546 108
4547 110
4548 108
4549 118
4550 109
4551 108
4552 110
4553 106
4554 107
4555 109
4556 109
4557 106
4558 112
4559 114
4560 112
4561 111
4562 109
4563 109
4564 109
4565 112
4566 111
4567 109
4568 110
4569 110
4570 106
4571 107
4572 106
4573 107
4574 110
4575 110
4576 108
4577 110
4578 112
4579 108
4580 108
4581 108
4582 109
4583 109
4584 110
4585 108
4586 107
4587 113
4588 113
4589 107
4590 109
4591 109
4592 108
4593 109
4594 111
4595 108
4596 110
4597 108
4598 115
4599 111
4600 109
4601 109
4602 111
4603 108
4604 108
4605 108
4606 108
4607 114
4608 111
4609 111
4610 111
4611 108
4612 111
4613 111
4614 113
4615 109
4616 108
4617 111
4618 114
4619 110
4620 111
4621 110
4622 112
4623 111
4624 108
4625 109
4626 112
4627 111
4628 111
4629 115
4630 111
4631 111
4632 113
4633 110
4634 114
4635 108
4636 115
4637 113
4638 113
4639 115
4640 110
4641 113
4642 110
4643 112
4644 117
4645 112
4646 113
4647 110
4648 108
4649 113
4650 113
4651 110
4652 111
4653 117
4654 109
4655 111
4656 109
4657 110
4658 111
4659 110
4660 109
4661 113
4662 109
4663 117
4664 123
4665 144
4666 111
4667 113
4668 111
4669 111
4670 114
4671 119
4672 115
4673 114
4674 114
4675 112
4676 113
4677 110
4678 113
4679 113
4680 117
4681 116
4682 111
4683 111
4684 115
4685 111
4686 114
4687 117
4688 114
4689 114
4690 111
4691 115
4692 116
4693 115
4694 112
4695 114
4696 114
4697 115
4698 116
4699 113
4700 113
4701 112
4702 113
4703 112
4704 112
4705 112
4706 113
4707 118
4708 113
4709 112
4710 116
4711 113
4712 113
4713 114
4714 111
4715 113
4716 119
4717 112
4718 116
4719 111
4720 112
4721 113
4722 114
4723 113
4724 112
4725 114
4726 110
4727 112
4728 113
4729 112
4730 111
4731 112
4732 112
4733 112
4734 121
4735 109
4736 110
4737 114
4738 110
4739 109
4740 111
4741 112
4742 112
4743 119
4744 111
4745 111
4746 112
4747 111
4748 110
4749 112
4750 112
4751 113
4752 116
4753 112
4754 115
4755 116
4756 114
4757 113
4758 113
4759 112
4760 117
4761 116
4762 114
4763 117
4764 113
4765 111
4766 112
4767 113
4768 113
4769 113
4770 118
4771 113
4772 115
4773 111
4774 113
4775 115
4776 117
4777 111
4778 117
4779 115
4780 111
4781 114
4782 116
4783 112
4784 112
4785 111
4786 115
4787 113
4788 117
4789 112
4790 113
4791 111
4792 114
4793 111
4794 115
4795 112
4796 116
4797 117
4798 115
4799 114
4800 115
4801 112
4802 112
4803 115
4804 117
4805 116
4806 117
4807 114
4808 113
4809 115
4810 112
4811 112
4812 116
4813 114
4814 113
4815 117
4816 114
4817 111
4818 113
4819 111
4820 113
4821 115
4822 115
4823 115
4824 117
4825 114
4826 115
4827 115
4828 113
4829 116
4830 115
4831 112
4832 116
4833 121
4834 115
4835 114
4836 113
4837 111
4838 116
4839 164
4840 113
4841 115
4842 117
4843 116
4844 118
4845 115
4846 114
4847 116
4848 115
4849 120
4850 117
4851 118
4852 114
4853 118
4854 120
4855 117
4856 113
4857 115
4858 119
4859 115
4860 116
4861 114
4862 117
4863 117
4864 118
4865 114
4866 115
4867 116
4868 117
4869 117
4870 115
4871 115
4872 116
4873 114
4874 118
4875 116
4876 116
4877 115
4878 115
4879 115
4880 116
4881 118
4882 116
4883 117
4884 115
4885 113
4886 117
4887 117
4888 114
4889 117
4890 114
4891 118
4892 115
4893 116
4894 118
4895 115
4896 123
4897 114
4898 120
4899 116
4900 114
4901 114
4902 115
4903 115
4904 118
4905 118
4906 116
4907 116
4908 121
4909 117
4910 115
4911 116
4912 116
4913 114
4914 117
4915 117
4916 116
4917 119
4918 116
4919 116
4920 117
4921 117
4922 117
4923 122
4924 116
4925 115
4926 119
4927 117
4928 116
4929 119
4930 117
4931 119
4932 128
4933 119
4934 120
4935 120
4936 117
4937 119
4938 116
4939 115
4940 116
4941 119
4942 116
4943 119
4944 118
4945 117
4946 118
4947 120
4948 118
4949 119
4950 120
4951 116
4952 117
4953 118
4954 115
4955 119
4956 116
4957 124
4958 119
4959 124
4960 121
4961 119
4962 123
4963 119
4964 117
4965 118
4966 117
4967 123
4968 125
4969 118
4970 121
4971 119
4972 119
4973 121
4974 118
4975 122
4976 126
4977 123
4978 118
4979 121
4980 121
4981 119
4982 125
4983 119
4984 124
4985 120
4986 122
4987 121
4988 119
4989 121
4990 121
4991 121
4992 121
4993 120
4994 118
4995 123
4996 121
4997 122
4998 120
4999 120
5000 118
