1 0.02
3001 0.06
6001 0.13
9001 0.2
12001 0.28
15001 0.36
18001 0.44
21001 0.51
24001 0.6
27001 0.67
30001 0.76
33001 0.85
36001 0.94
39001 1.01
42001 1.13
45001 1.2
48001 1.32
51001 1.36
54001 1.46
57001 1.57
60001 1.74
63001 1.73
66001 1.84
69001 1.93
72001 2.06
75001 2.2
78001 2.23
81001 2.38
84001 2.47
87001 2.51
90001 2.7
93001 2.72
96001 2.82
99001 2.89
102001 3.06
105001 3.1
108001 3.22
111001 3.32
114001 3.45
117001 3.53
120001 3.67
123001 3.81
126001 3.82
129001 3.92
132001 4.05
135001 4.16
138001 4.24
141001 4.34
144001 4.54
147001 4.56
150001 4.66
153001 4.79
156001 4.9
159001 4.98
162001 5.13
165001 5.2
168001 5.33
171001 5.39
174001 5.6
177001 5.59
180001 5.71
183001 5.87
186001 5.94
189001 6.04
192001 6.23
195001 6.29
198001 6.62
201001 6.62
204001 6.61
207001 6.72
210001 6.86
213001 6.93
216001 7.1
219001 7.21
222001 7.2
225001 7.44
228001 7.59
231001 7.64
234001 7.7
237001 7.89
240001 7.91
243001 8.09
246001 8.16
249001 8.3
252001 8.4
255001 8.49
258001 8.63
261001 8.83
264001 8.91
267001 9.0
270001 9.11
273001 9.29
276001 9.39
279001 9.42
282001 9.48
285001 9.76
288001 9.74
291001 9.92
294001 10.02
297001 10.2
300000 10.24
325000 11.33
350000 12.56
375000 13.07
400000 14.14
425000 15.04
450000 16.15
475000 17.14
500000 18.66
525000 19.12
550000 20.17
575000 21.33
600000 22.18
625000 23.36
650000 24.28
675000 25.5
700000 26.49
725000 27.65
750000 28.73
775000 29.86
800000 30.86
825000 31.78
850000 32.94
875000 34.09
900000 35.37
925000 36.12
950000 36.73
975000 38.66
1000000 39.52
