1
0.03 0.00
25001
1.08 0.02
50001
1.54 0.01
75001
2.47 0.02
100001
1.22 0.01
125001
1.46 0.00
150001
2.36 0.02
175001
2.62 0.01
200001
2.19 0.03
225001
5.92 0.04
250001
4.54 0.03
275001
6.02 0.02
300001
4.54 0.02
325001
6.34 0.03
350001
6.82 0.03
375001
7.32 0.05
400001
6.18 0.04
425001
8.90 0.04
450001
5.02 0.03
475001
5.31 0.04
500001
10.47 0.05
525001
8.27 0.06
550001
6.37 0.03
575001
10.26 0.08
600001
9.24 0.04
625001
9.85 0.04
650001
9.92 0.06
675001
10.36 0.08
700001
12.41 0.11
725001
9.48 0.04
750001
8.70 0.08
775001
12.49 0.05
800001
12.67 0.06
825001
10.25 0.09
850001
19.48 0.06
875001
14.10 0.04
900001
10.57 0.09
925001
16.24 0.10
950001
15.10 0.06
975001
15.79 0.07
1
0.02 0.00
1001
0.11 0.00
2001
0.20 0.00
3001
0.21 0.00
4001
0.28 0.01
5001
0.30 0.00
6001
0.33 0.02
7001
0.31 0.01
8001
0.51 0.01
9001
0.83 0.02
10001
0.36 0.01
11001
0.36 0.00
12001
0.40 0.00
13001
0.39 0.01
14001
0.81 0.02
15001
1.00 0.01
16001
0.48 0.01
17001
0.99 0.02
18001
0.96 0.02
19001
0.48 0.01
20001
0.50 0.02
21001
0.94 0.01
22001
1.49 0.01
23001
0.47 0.01
24001
1.00 0.01
25001
1.12 0.02
26001
0.97 0.01
27001
0.61 0.02
28001
1.26 0.02
29001
0.57 0.01
30001
0.58 0.00
31001
1.25 0.03
32001
0.58 0.01
33001
2.28 0.00
34001
0.61 0.02
35001
0.69 0.01
36001
0.62 0.02
37001
1.49 0.01
38001
0.65 0.01
39001
1.76 0.01
40001
0.68 0.01
41001
0.68 0.00
42001
1.23 0.02
43001
0.78 0.01
44001
1.20 0.01
45001
0.72 0.01
46001
0.86 0.01
47001
2.22 0.02
48001
0.71 0.01
49001
0.90 0.02
50001
1.13 0.01
51001
1.16 0.02
52001
1.40 0.02
53001
0.95 0.01
54001
0.96 0.00
55001
0.96 0.02
56001
0.88 0.01
57001
1.95 0.03
58001
2.34 0.04
59001
0.84 0.02
60001
0.86 0.01
61001
0.85 0.02
62001
2.26 0.00
63001
1.65 0.02
64001
2.62 0.01
65001
0.88 0.00
66001
2.16 0.04
67001
1.17 0.01
68001
2.01 0.01
69001
0.89 0.02
70001
1.18 0.00
71001
2.48 0.02
72001
2.64 0.04
73001
2.99 0.00
74001
0.97 0.02
75001
1.23 0.02
76001
1.52 0.02
77001
1.25 0.02
78001
2.49 0.02
79001
2.31 0.01
80001
1.31 0.02
81001
2.49 0.02
82001
2.28 0.02
83001
2.66 0.02
84001
1.08 0.00
85001
1.08 0.01
86001
1.37 0.01
87001
1.73 0.01
88001
1.38 0.04
89001
2.12 0.01
90001
1.13 0.02
91001
1.50 0.02
92001
2.77 0.02
93001
1.14 0.02
94001
3.15 0.02
95001
2.75 0.04
96001
1.80 0.02
97001
1.18 0.00
98001
3.24 0.02
99001
2.16 0.02
100001
1.60 0.02
101001
2.25 0.04
102001
1.20 0.03
103001
1.24 0.01
104001
1.60 0.02
105001
1.94 0.02
106001
2.92 0.03
107001
3.29 0.00
108001
2.46 0.02
109001
1.29 0.02
110001
1.76 0.01
111001
2.01 0.04
112001
2.04 0.01
113001
2.10 0.01
114001
1.36 0.02
115001
3.68 0.04
116001
1.41 0.02
117001
1.40 0.01
118001
3.86 0.02
119001
2.24 0.03
120001
1.84 0.02
121001
4.01 0.03
122001
2.92 0.04
123001
1.93 0.02
124001
2.29 0.04
125001
1.84 0.02
126001
3.29 0.00
127001
3.97 0.03
128001
1.46 0.01
129001
1.51 0.01
130001
3.30 0.04
131001
2.06 0.00
132001
1.99 0.01
133001
1.57 0.01
134001
4.48 0.04
135001
1.57 0.02
136001
2.63 0.02
137001
2.10 0.03
138001
3.04 0.04
139001
2.92 0.03
140001
2.14 0.01
141001
3.65 0.02
142001
2.18 0.03
143001
2.98 0.03
144001
1.66 0.02
145001
2.20 0.02
146001
3.66 0.04
147001
3.67 0.03
148001
2.25 0.02
149001
4.36 0.02
150001
2.25 0.02
151001
1.96 0.02
152001
2.64 0.01
153001
1.70 0.02
154001
3.10 0.02
155001
3.70 0.01
156001
3.47 0.02
157001
4.06 0.04
158001
2.43 0.02
159001
3.33 0.01
160001
3.99 0.02
161001
2.51 0.03
162001
2.68 0.01
163001
3.86 0.02
164001
2.99 0.03
165001
1.86 0.01
166001
2.22 0.02
167001
3.96 0.06
168001
1.96 0.02
169001
2.69 0.02
170001
1.92 0.02
171001
1.89 0.03
172001
1.93 0.03
173001
2.59 0.04
174001
3.14 0.03
175001
1.96 0.01
176001
2.66 0.01
177001
1.96 0.03
178001
2.77 0.02
179001
2.67 0.02
180001
2.75 0.02
181001
2.75 0.01
182001
5.14 0.02
183001
3.52 0.04
184001
4.29 0.03
185001
2.04 0.01
186001
4.15 0.02
187001
2.84 0.01
188001
4.53 0.04
189001
2.80 0.02
190001
5.11 0.03
191001
6.43 0.04
192001
2.89 0.01
193001
2.92 0.03
194001
5.89 0.04
195001
2.17 0.03
196001
3.73 0.03
197001
4.06 0.06
198001
8.28 0.03
199001
3.99 0.04
200001
3.01 0.02
201001
4.29 0.04
202001
2.29 0.01
203001
3.38 0.02
204001
2.42 0.03
205001
3.06 0.02
206001
4.24 0.04
207001
4.93 0.03
208001
2.36 0.02
209001
2.24 0.01
210001
3.17 0.02
211001
5.21 0.05
212001
2.34 0.04
213001
3.42 0.02
214001
2.37 0.04
215001
3.21 0.02
216001
4.62 0.05
217001
3.26 0.04
218001
2.40 0.02
219001
2.77 0.01
220001
3.89 0.04
221001
2.48 0.03
222001
2.54 0.02
223001
3.34 0.02
224001
5.94 0.03
225001
3.47 0.03
226001
5.03 0.04
227001
4.37 0.05
228001
2.50 0.03
229001
3.43 0.01
230001
2.52 0.01
231001
5.75 0.03
232001
3.77 0.02
233001
5.32 0.02
234001
2.56 0.02
235001
5.12 0.03
236001
4.61 0.04
237001
2.73 0.01
238001
3.61 0.03
239001
3.57 0.04
240001
4.62 0.03
241001
3.88 0.02
242001
3.06 0.02
243001
2.68 0.04
244001
3.73 0.03
245001
5.10 0.04
246001
6.41 0.07
247001
3.92 0.02
248001
3.66 0.02
249001
3.72 0.02
250001
3.74 0.01
251001
3.74 0.03
252001
3.96 0.04
253001
3.76 0.02
254001
4.68 0.02
255001
5.25 0.02
256001
3.90 0.04
257001
5.52 0.04
258001
2.92 0.02
259001
2.82 0.01
260001
3.87 0.03
261001
5.00 0.04
262001
3.15 0.01
263001
8.06 0.04
264001
5.60 0.07
265001
7.04 0.03
266001
6.16 0.03
267001
4.14 0.05
268001
4.03 0.05
269001
3.04 0.02
270001
7.45 0.07
271001
4.35 0.03
272001
3.94 0.04
273001
4.37 0.02
274001
8.44 0.02
275001
7.37 0.05
276001
5.66 0.03
277001
5.67 0.05
278001
4.48 0.03
279001
3.01 0.01
280001
5.68 0.06
281001
3.20 0.01
282001
3.14 0.04
283001
3.16 0.04
284001
5.11 0.02
285001
4.40 0.03
286001
5.45 0.04
287001
4.24 0.04
288001
4.64 0.04
289001
4.66 0.04
290001
4.52 0.04
291001
4.58 0.05
292001
4.42 0.05
293001
6.06 0.04
294001
5.86 0.04
295001
4.54 0.02
296001
6.22 0.03
297001
3.45 0.03
298001
5.84 0.04
299001
7.60 0.05
300001
7.96 0.03
301001
3.41 0.01
302001
6.24 0.04
303001
7.17 0.04
304001
4.55 0.05
305001
8.41 0.07
306001
4.59 0.05
307001
4.74 0.03
308001
5.50 0.02
309001
6.94 0.03
310001
4.62 0.03
311001
3.50 0.04
312001
5.53 0.05
313001
8.99 0.06
314001
3.63 0.02
315001
4.29 0.03
316001
5.65 0.02
317001
9.30 0.05
318001
6.88 0.06
319001
3.63 0.04
320001
3.74 0.02
321001
4.90 0.05
322001
3.60 0.02
323001
3.62 0.04
324001
5.18 0.04
325001
8.08 0.06
326001
3.59 0.04
327001
3.62 0.02
328001
4.94 0.01
329001
3.66 0.04
330001
3.81 0.03
331001
3.61 0.03
332001
6.38 0.04
333001
3.67 0.03
334001
7.82 0.05
335001
5.08 0.02
336001
3.74 0.03
337001
9.04 0.05
338001
5.46 0.05
339001
5.96 0.04
340001
3.79 0.03
341001
8.21 0.04
342001
6.88 0.06
343001
5.12 0.04
344001
5.22 0.06
345001
6.61 0.02
346001
5.51 0.04
347001
8.57 0.08
348001
3.87 0.03
349001
5.91 0.02
350001
5.23 0.02
351001
4.07 0.04
352001
5.42 0.02
353001
10.21 0.03
354001
7.45 0.04
355001
7.62 0.04
356001
5.48 0.03
357001
3.98 0.04
358001
4.14 0.03
359001
4.03 0.04
360001
7.86 0.08
361001
6.14 0.05
362001
9.26 0.05
363001
3.92 0.04
364001
9.04 0.04
365001
4.09 0.04
366001
5.22 0.02
367001
5.00 0.03
368001
8.63 0.03
369001
8.11 0.04
370001
5.83 0.03
371001
6.55 0.04
372001
5.59 0.03
373001
5.71 0.04
374001
5.76 0.06
375001
5.84 0.03
376001
8.37 0.05
377001
4.26 0.03
378001
5.75 0.03
379001
6.72 0.04
380001
7.23 0.03
381001
5.95 0.08
382001
4.30 0.02
383001
6.92 0.05
384001
5.90 0.03
385001
5.82 0.05
386001
6.08 0.03
387001
4.40 0.06
388001
5.88 0.03
389001
6.80 0.05
390001
6.96 0.05
391001
5.84 0.04
392001
5.96 0.07
393001
8.54 0.05
394001
6.43 0.04
395001
4.70 0.05
396001
7.53 0.06
397001
6.23 0.05
398001
6.06 0.03
399001
6.09 0.02
400001
6.13 0.03
401001
5.33 0.03
402001
6.45 0.03
403001
9.09 0.06
404001
6.96 0.06
405001
5.10 0.06
406001
4.57 0.03
407001
8.40 0.06
408001
6.39 0.04
409001
7.30 0.05
410001
4.42 0.04
411001
4.56 0.04
412001
8.36 0.06
413001
4.70 0.02
414001
4.73 0.03
415001
4.74 0.05
416001
6.24 0.03
417001
6.45 0.02
418001
4.64 0.05
419001
9.22 0.04
420001
8.94 0.07
421001
7.76 0.06
422001
4.58 0.04
423001
9.42 0.07
424001
6.42 0.04
425001
8.35 0.04
426001
6.55 0.04
427001
7.40 0.06
428001
8.09 0.03
429001
4.88 0.04
430001
4.86 0.03
431001
7.31 0.02
432001
4.96 0.04
433001
7.36 0.06
434001
9.25 0.03
435001
6.69 0.06
436001
6.58 0.06
437001
4.78 0.06
438001
6.72 0.06
439001
6.92 0.05
440001
4.99 0.01
441001
5.07 0.04
442001
8.29 0.06
443001
9.19 0.06
444001
10.52 0.04
445001
6.78 0.04
446001
6.87 0.04
447001
9.58 0.06
448001
6.89 0.02
449001
6.99 0.03
450001
6.92 0.04
451001
10.12 0.08
452001
6.75 0.04
453001
10.36 0.06
454001
8.58 0.04
455001
5.17 0.02
456001
7.59 0.03
457001
5.34 0.02
458001
7.03 0.08
459001
5.48 0.05
460001
7.24 0.05
461001
7.23 0.04
462001
6.92 0.03
463001
8.75 0.03
464001
5.40 0.02
465001
6.15 0.05
466001
7.57 0.06
467001
5.60 0.04
468001
8.03 0.06
469001
8.15 0.05
470001
7.18 0.05
471001
7.42 0.05
472001
7.22 0.06
473001
7.25 0.04
474001
8.32 0.05
475001
8.21 0.04
476001
8.14 0.03
477001
5.34 0.04
478001
13.12 0.08
479001
7.28 0.05
480001
6.47 0.04
481001
5.50 0.06
482001
12.58 0.06
483001
7.30 0.06
484001
7.98 0.04
485001
7.53 0.06
486001
5.66 0.03
487001
7.46 0.04
488001
6.42 0.03
489001
10.62 0.06
490001
5.42 0.02
491001
7.78 0.05
492001
10.17 0.09
493001
9.30 0.05
494001
7.01 0.04
495001
5.75 0.06
496001
9.36 0.06
497001
5.76 0.06
498001
11.38 0.06
499001
7.66 0.06
500001
5.74 0.04
501001
7.68 0.05
502001
7.91 0.04
503001
7.97 0.07
504001
7.44 0.04
505001
8.74 0.04
506001
7.63 0.05
507001
7.84 0.04
508001
7.46 0.04
509001
8.64 0.05
510001
7.67 0.05
511001
10.39 0.07
512001
5.79 0.08
513001
9.39 0.06
514001
12.84 0.07
515001
11.90 0.08
516001
7.89 0.06
517001
15.62 0.06
518001
9.62 0.04
519001
7.94 0.08
520001
5.96 0.04
521001
7.92 0.05
522001
7.60 0.03
523001
11.55 0.04
524001
6.33 0.03
525001
6.01 0.03
526001
7.80 0.04
527001
11.94 0.06
528001
8.03 0.03
529001
9.84 0.05
530001
8.14 0.08
531001
8.13 0.04
532001
8.03 0.06
533001
8.22 0.04
534001
8.58 0.07
535001
9.74 0.04
536001
6.38 0.09
537001
6.18 0.04
538001
6.25 0.06
539001
8.22 0.05
540001
6.17 0.06
541001
6.02 0.05
542001
8.34 0.07
543001
6.46 0.05
544001
8.38 0.03
545001
10.84 0.08
546001
8.20 0.04
547001
11.97 0.06
548001
7.30 0.08
549001
8.30 0.03
550001
8.49 0.07
551001
9.67 0.05
552001
6.45 0.04
553001
11.28 0.05
554001
8.58 0.02
555001
8.44 0.04
556001
11.97 0.04
557001
8.85 0.05
558001
9.95 0.08
559001
8.67 0.05
560001
8.61 0.06
561001
6.50 0.05
562001
8.74 0.03
563001
6.42 0.04
564001
6.43 0.05
565001
7.39 0.07
566001
8.86 0.03
567001
12.12 0.03
568001
9.95 0.06
569001
10.63 0.07
570001
8.98 0.05
571001
8.93 0.04
572001
6.84 0.05
573001
7.50 0.06
574001
9.82 0.06
575001
6.75 0.06
576001
6.66 0.07
577001
9.56 0.06
578001
6.55 0.08
579001
6.55 0.08
580001
8.96 0.04
581001
9.02 0.07
582001
11.23 0.08
583001
9.04 0.05
584001
9.19 0.07
585001
8.96 0.06
586001
6.65 0.05
587001
9.23 0.06
588001
12.81 0.07
589001
6.96 0.03
590001
9.26 0.03
591001
6.88 0.03
592001
6.86 0.05
593001
8.58 0.05
594001
10.50 0.07
595001
13.33 0.08
596001
6.74 0.06
597001
9.16 0.06
598001
13.78 0.07
599001
10.91 0.07
600001
8.90 0.07
601001
9.46 0.06
602001
13.37 0.07
603001
14.75 0.08
604001
6.89 0.06
605001
9.38 0.06
606001
9.42 0.03
607001
12.11 0.09
608001
7.07 0.05
609001
7.94 0.07
610001
12.22 0.06
611001
7.04 0.07
612001
9.60 0.06
613001
9.50 0.07
614001
7.31 0.03
615001
9.54 0.03
616001
9.45 0.06
617001
9.50 0.04
618001
7.10 0.04
619001
9.69 0.07
620001
12.02 0.09
621001
7.11 0.05
622001
9.41 0.07
623001
9.09 0.03
624001
13.41 0.07
625001
9.76 0.05
626001
10.49 0.07
627001
14.12 0.07
628001
9.56 0.04
629001
10.93 0.08
630001
8.07 0.05
631001
12.23 0.06
632001
12.56 0.06
633001
7.33 0.03
634001
14.40 0.05
635001
11.92 0.06
636001
7.68 0.06
637001
7.33 0.04
638001
11.65 0.05
639001
14.62 0.05
640001
12.60 0.04
641001
10.06 0.05
642001
10.09 0.05
643001
10.86 0.07
644001
7.48 0.05
645001
7.57 0.04
646001
7.51 0.07
647001
10.34 0.06
648001
7.58 0.05
649001
13.71 0.08
650001
11.20 0.05
651001
12.06 0.09
652001
7.80 0.06
653001
13.59 0.03
654001
7.45 0.04
655001
13.68 0.08
656001
8.56 0.05
657001
9.72 0.08
658001
7.82 0.05
659001
8.34 0.04
660001
13.03 0.03
661001
7.68 0.06
662001
10.28 0.06
663001
10.66 0.06
664001
10.94 0.04
665001
10.61 0.06
666001
12.50 0.08
667001
11.33 0.06
668001
10.41 0.08
669001
10.63 0.08
670001
7.96 0.06
671001
10.38 0.07
672001
16.30 0.07
673001
12.61 0.06
674001
10.58 0.04
675001
10.60 0.05
676001
16.41 0.09
677001
10.56 0.07
678001
10.78 0.06
679001
16.00 0.10
680001
20.27 0.08
681001
13.35 0.07
682001
10.69 0.04
683001
10.58 0.06
684001
7.98 0.04
685001
13.92 0.07
686001
8.10 0.04
687001
10.68 0.04
688001
12.72 0.04
689001
8.22 0.03
690001
8.03 0.06
691001
8.31 0.08
692001
10.12 0.09
693001
12.34 0.09
694001
17.07 0.12
695001
14.64 0.10
696001
14.71 0.08
697001
18.20 0.10
698001
14.47 0.08
699001
11.28 0.08
700001
18.19 0.08
701001
11.11 0.07
702001
10.88 0.07
703001
11.21 0.07
704001
11.16 0.04
705001
13.75 0.08
706001
11.10 0.08
707001
13.30 0.07
708001
8.41 0.09
709001
8.45 0.06
710001
11.03 0.08
711001
12.56 0.04
712001
11.05 0.04
713001
14.26 0.04
714001
9.25 0.04
715001
10.16 0.06
716001
13.06 0.06
717001
8.54 0.06
718001
14.40 0.06
719001
13.88 0.07
720001
15.35 0.08
721001
11.10 0.09
722001
12.13 0.05
723001
8.75 0.03
724001
8.57 0.05
725001
12.70 0.08
726001
11.76 0.07
727001
8.39 0.05
728001
11.14 0.07
729001
10.66 0.10
730001
11.34 0.04
731001
17.10 0.08
732001
11.48 0.06
733001
10.26 0.10
734001
12.72 0.10
735001
11.57 0.08
736001
11.72 0.08
737001
15.35 0.04
738001
8.70 0.07
739001
15.02 0.08
740001
11.62 0.06
741001
12.93 0.08
742001
15.08 0.07
743001
8.86 0.07
744001
11.74 0.05
745001
11.66 0.06
746001
25.72 0.12
747001
11.76 0.05
748001
8.80 0.07
749001
8.88 0.05
750001
11.83 0.08
751001
8.70 0.09
752001
11.76 0.07
753001
9.01 0.05
754001
12.18 0.05
755001
11.80 0.09
756001
13.89 0.07
757001
11.74 0.04
758001
8.92 0.10
759001
8.97 0.08
760001
11.86 0.07
761001
18.28 0.06
762001
9.85 0.08
763001
11.91 0.08
764001
11.90 0.09
765001
9.27 0.07
766001
13.85 0.08
767001
8.76 0.06
768001
15.32 0.07
769001
9.40 0.05
770001
15.59 0.08
771001
12.52 0.05
772001
14.66 0.08
773001
9.06 0.05
774001
12.30 0.08
775001
10.10 0.04
776001
17.85 0.05
777001
12.25 0.07
778001
9.14 0.06
779001
12.14 0.07
780001
12.14 0.09
781001
15.18 0.06
782001
9.33 0.06
783001
9.21 0.07
784001
12.18 0.08
785001
16.90 0.06
786001
9.23 0.08
787001
13.54 0.09
788001
16.55 0.08
789001
16.49 0.07
790001
13.38 0.11
791001
12.68 0.08
792001
14.54 0.07
793001
11.18 0.08
794001
15.88 0.08
795001
12.49 0.07
796001
18.86 0.10
797001
12.36 0.08
798001
9.88 0.06
799001
14.66 0.09
800001
13.51 0.07
801001
13.30 0.06
802001
13.49 0.08
803001
12.71 0.06
804001
12.74 0.10
805001
12.74 0.08
806001
13.74 0.07
807001
9.44 0.06
808001
13.69 0.06
809001
15.89 0.06
810001
9.27 0.07
811001
17.39 0.09
812001
9.83 0.06
813001
18.40 0.08
814001
13.08 0.07
815001
9.57 0.06
816001
13.77 0.09
817001
13.50 0.08
818001
13.25 0.07
819001
12.84 0.06
820001
9.88 0.07
821001
18.33 0.10
822001
13.48 0.07
823001
12.85 0.08
824001
13.02 0.06
825001
13.61 0.06
826001
13.37 0.06
827001
13.17 0.07
828001
15.16 0.08
829001
9.74 0.07
830001
9.95 0.09
831001
16.87 0.06
832001
9.88 0.04
833001
10.29 0.07
834001
10.05 0.04
835001
13.18 0.06
836001
12.47 0.07
837001
13.53 0.06
838001
16.33 0.09
839001
15.24 0.10
840001
13.04 0.08
841001
13.56 0.10
842001
13.31 0.05
843001
13.62 0.07
844001
10.44 0.07
845001
12.16 0.08
846001
10.40 0.08
847001
13.60 0.09
848001
13.04 0.07
849001
13.55 0.06
850001
14.55 0.11
851001
10.34 0.06
852001
10.00 0.07
853001
17.17 0.07
854001
13.28 0.08
855001
11.12 0.08
856001
13.53 0.10
857001
13.89 0.09
858001
12.10 0.07
859001
13.64 0.06
860001
13.74 0.12
861001
14.44 0.11
862001
13.80 0.10
863001
13.95 0.07
864001
13.49 0.09
865001
13.78 0.04
866001
14.58 0.10
867001
14.38 0.10
868001
21.56 0.10
869001
13.85 0.06
870001
25.72 0.09
871001
13.53 0.08
872001
10.82 0.07
873001
10.59 0.05
874001
14.07 0.08
875001
14.25 0.04
876001
10.46 0.05
877001
11.39 0.08
878001
10.26 0.06
879001
19.58 0.09
880001
10.32 0.06
881001
17.15 0.08
882001
10.47 0.07
883001
10.76 0.10
884001
10.86 0.06
885001
13.55 0.06
886001
10.70 0.05
887001
15.39 0.07
888001
14.38 0.09
889001
14.34 0.06
890001
16.46 0.11
891001
14.10 0.09
892001
10.90 0.08
893001
14.02 0.07
894001
14.32 0.06
895001
19.28 0.07
896001
11.25 0.06
897001
13.00 0.06
898001
14.47 0.04
899001
14.99 0.09
900001
14.19 0.09
901001
17.56 0.08
902001
15.40 0.08
903001
13.73 0.07
904001
15.29 0.12
905001
14.45 0.09
906001
14.78 0.04
907001
15.12 0.08
908001
21.83 0.13
909001
14.60 0.12
910001
18.66 0.08
911001
20.01 0.08
912001
11.12 0.06
913001
11.27 0.06
914001
11.10 0.06
915001
17.04 0.10
916001
11.74 0.06
917001
11.04 0.05
918001
15.54 0.08
919001
15.23 0.06
920001
13.06 0.07
921001
10.98 0.08
922001
14.60 0.06
923001
19.74 0.05
924001
10.99 0.08
925001
11.14 0.05
926001
11.10 0.06
927001
11.17 0.08
928001
10.95 0.06
929001
14.88 0.07
930001
13.57 0.08
931001
18.92 0.08
932001
14.94 0.04
933001
11.10 0.08
934001
11.84 0.08
935001
15.05 0.09
936001
18.56 0.08
937001
15.63 0.06
938001
11.44 0.09
939001
12.18 0.09
940001
18.21 0.08
941001
18.81 0.07
942001
11.95 0.02
943001
15.30 0.06
944001
15.00 0.09
945001
11.78 0.08
946001
15.49 0.08
947001
15.28 0.06
948001
21.10 0.13
949001
15.36 0.07
950001
15.32 0.08
951001
13.62 0.09
952001
11.08 0.08
953001
11.53 0.06
954001
22.46 0.11
955001
15.06 0.11
956001
11.70 0.07
957001
20.50 0.08
958001
13.50 0.07
959001
11.77 0.07
960001
15.50 0.05
961001
15.32 0.09
962001
17.88 0.08
963001
15.53 0.06
964001
22.68 0.07
965001
11.53 0.06
966001
17.72 0.08
967001
23.55 0.10
968001
13.36 0.06
969001
18.82 0.11
970001
15.21 0.10
971001
15.38 0.06
972001
16.76 0.06
973001
15.67 0.09
974001
15.77 0.09
975001
12.23 0.10
976001
14.93 0.08
977001
15.50 0.08
978001
15.94 0.07
979001
11.85 0.10
980001
18.64 0.07
981001
15.98 0.11
982001
15.13 0.10
983001
15.74 0.09
984001
15.82 0.08
985001
16.34 0.05
986001
13.04 0.08
987001
21.74 0.09
988001
16.04 0.08
989001
12.06 0.06
990001
19.36 0.06
991001
13.90 0.10
992001
12.19 0.08
993001
17.28 0.05
994001
15.76 0.07
995001
16.83 0.11
996001
18.16 0.09
997001
12.88 0.08
998001
19.72 0.09
999001
16.19 0.08
